# Fiducial parameters: cosmomc_theta = 0.0104092, logA = 3.044, ombh2 = 0.02237, omch2 = 0.12, ns = 0.9649, tau = 0.0544, h = 0.6733981423479604, lens_potential_accuracy = 8, lens_margin = 2050, AccuracyBoost = 2.0, lSampleBoost = 2.0, lAccuracyBoost = 2.0, kmax = 10, k_per_logint = 130, nonlinear = True, DoLateRadTruncation = False
30 2.0485101e-10
31 1.9228809e-10
32 1.8080855e-10
33 1.7028522e-10
34 1.6060911e-10
35 1.5170146e-10
36 1.4347496e-10
37 1.3586929e-10
38 1.2881475e-10
39 1.2226954e-10
40 1.161859e-10
41 1.1051772e-10
42 1.0522881e-10
43 1.0028787e-10
44 9.5668092e-11
45 9.1341761e-11
46 8.7281054e-11
47 8.3462271e-11
48 7.9881888e-11
49 7.6510086e-11
50 7.3327476e-11
51 7.0331669e-11
52 6.750895e-11
53 6.4836108e-11
54 6.2309081e-11
55 5.9917781e-11
56 5.7650071e-11
57 5.5498014e-11
58 5.345885e-11
59 5.1516063e-11
60 4.9675461e-11
61 4.7920374e-11
62 4.6251803e-11
63 4.4667552e-11
64 4.3153281e-11
65 4.1708427e-11
66 4.0329513e-11
67 3.9014915e-11
68 3.7756043e-11
69 3.6553408e-11
70 3.5402429e-11
71 3.4302125e-11
72 3.3250317e-11
73 3.224373e-11
74 3.1276904e-11
75 3.034855e-11
76 2.9459049e-11
77 2.8606055e-11
78 2.7785544e-11
79 2.6996939e-11
80 2.6239259e-11
81 2.5509156e-11
82 2.48092e-11
83 2.4133889e-11
84 2.3486256e-11
85 2.2861373e-11
86 2.225863e-11
87 2.1678448e-11
88 2.1118913e-11
89 2.0578692e-11
90 2.0057725e-11
91 1.9554904e-11
92 1.9071626e-11
93 1.8601972e-11
94 1.8148366e-11
95 1.7711538e-11
96 1.729005e-11
97 1.6881945e-11
98 1.6486796e-11
99 1.6104693e-11
100 1.5733908e-11
101 1.5375878e-11
102 1.5028762e-11
103 1.4691717e-11
104 1.4367802e-11
105 1.4053151e-11
106 1.374625e-11
107 1.3449953e-11
108 1.3162184e-11
109 1.2883927e-11
110 1.2613603e-11
111 1.2350777e-11
112 1.2096272e-11
113 1.1848847e-11
114 1.1608716e-11
115 1.1375751e-11
116 1.1148781e-11
117 1.0928127e-11
118 1.0714402e-11
119 1.050698e-11
120 1.0304282e-11
121 1.0106801e-11
122 9.9152104e-12
123 9.7287075e-12
124 9.5480356e-12
125 9.3718573e-12
126 9.2004549e-12
127 9.0333623e-12
128 8.8705038e-12
129 8.7114838e-12
130 8.5564826e-12
131 8.4053346e-12
132 8.2591966e-12
133 8.1160786e-12
134 7.9768013e-12
135 7.841141e-12
136 7.7080779e-12
137 7.5790715e-12
138 7.4531211e-12
139 7.3302833e-12
140 7.2107308e-12
141 7.093717e-12
142 6.9793861e-12
143 6.8673564e-12
144 6.7580684e-12
145 6.6514788e-12
146 6.5474169e-12
147 6.4455559e-12
148 6.3462949e-12
149 6.249484e-12
150 6.154647e-12
151 6.0621727e-12
152 5.9713381e-12
153 5.8828113e-12
154 5.7959946e-12
155 5.7111626e-12
156 5.6283124e-12
157 5.5473121e-12
158 5.4678584e-12
159 5.3901018e-12
160 5.3141508e-12
161 5.2399311e-12
162 5.1673751e-12
163 5.0966628e-12
164 5.0266008e-12
165 4.95854e-12
166 4.8917016e-12
167 4.8262395e-12
168 4.7619127e-12
169 4.6991735e-12
170 4.6374742e-12
171 4.5768632e-12
172 4.5177669e-12
173 4.4597003e-12
174 4.4029323e-12
175 4.3472652e-12
176 4.2925796e-12
177 4.239081e-12
178 4.1863223e-12
179 4.1347127e-12
180 4.084203e-12
181 4.0344571e-12
182 3.9858011e-12
183 3.9378275e-12
184 3.8910572e-12
185 3.8448506e-12
186 3.7996441e-12
187 3.7554107e-12
188 3.71209e-12
189 3.6695015e-12
190 3.6276104e-12
191 3.5863141e-12
192 3.5457824e-12
193 3.5059249e-12
194 3.4667338e-12
195 3.4283384e-12
196 3.3906623e-12
197 3.3535091e-12
198 3.3171863e-12
199 3.2812949e-12
200 3.2459987e-12
201 3.2112994e-12
202 3.177199e-12
203 3.1436521e-12
204 3.1106817e-12
205 3.0782701e-12
206 3.0463948e-12
207 3.0150389e-12
208 2.9842123e-12
209 2.9537266e-12
210 2.9237508e-12
211 2.8942239e-12
212 2.865213e-12
213 2.8366891e-12
214 2.8086355e-12
215 2.7811276e-12
216 2.7538876e-12
217 2.7271249e-12
218 2.7007228e-12
219 2.6748287e-12
220 2.6491327e-12
221 2.6240295e-12
222 2.5991803e-12
223 2.5746772e-12
224 2.5504753e-12
225 2.5265937e-12
226 2.5030859e-12
227 2.4799671e-12
228 2.4571461e-12
229 2.4347508e-12
230 2.412614e-12
231 2.3907995e-12
232 2.3692988e-12
233 2.3479973e-12
234 2.3270326e-12
235 2.3063755e-12
236 2.2859104e-12
237 2.265774e-12
238 2.2459161e-12
239 2.2263128e-12
240 2.2069709e-12
241 2.1877891e-12
242 2.168992e-12
243 2.1503647e-12
244 2.1319353e-12
245 2.1138253e-12
246 2.0959292e-12
247 2.0783067e-12
248 2.0608196e-12
249 2.0435846e-12
250 2.0265159e-12
251 2.0096641e-12
252 1.9930015e-12
253 1.9765855e-12
254 1.9603133e-12
255 1.944335e-12
256 1.9285215e-12
257 1.9128278e-12
258 1.8972977e-12
259 1.8819002e-12
260 1.8667474e-12
261 1.8517627e-12
262 1.8369508e-12
263 1.822349e-12
264 1.8078538e-12
265 1.7935984e-12
266 1.7794345e-12
267 1.7654504e-12
268 1.7516244e-12
269 1.737935e-12
270 1.7243451e-12
271 1.7109333e-12
272 1.697717e-12
273 1.6845802e-12
274 1.6715664e-12
275 1.6587451e-12
276 1.6460275e-12
277 1.6334253e-12
278 1.6209846e-12
279 1.6086356e-12
280 1.5964151e-12
281 1.5843758e-12
282 1.5724337e-12
283 1.5605848e-12
284 1.5489147e-12
285 1.5373095e-12
286 1.5258704e-12
287 1.5145309e-12
288 1.5033163e-12
289 1.4921697e-12
290 1.4811544e-12
291 1.4702524e-12
292 1.4594553e-12
293 1.4486912e-12
294 1.4381087e-12
295 1.4276301e-12
296 1.4172158e-12
297 1.4069114e-12
298 1.3966494e-12
299 1.3865875e-12
300 1.3765917e-12
301 1.3666753e-12
302 1.356873e-12
303 1.3471844e-12
304 1.3375611e-12
305 1.3280209e-12
306 1.3185409e-12
307 1.3091866e-12
308 1.2999317e-12
309 1.2907401e-12
310 1.2816639e-12
311 1.2726361e-12
312 1.2636932e-12
313 1.2548564e-12
314 1.2460995e-12
315 1.237416e-12
316 1.2287917e-12
317 1.2202732e-12
318 1.2118178e-12
319 1.2034488e-12
320 1.1951514e-12
321 1.1869235e-12
322 1.1788112e-12
323 1.1707641e-12
324 1.1628074e-12
325 1.1549011e-12
326 1.14708e-12
327 1.1393175e-12
328 1.1316023e-12
329 1.1239772e-12
330 1.1164316e-12
331 1.1089307e-12
332 1.1015096e-12
333 1.0941656e-12
334 1.0868804e-12
335 1.0796567e-12
336 1.0724971e-12
337 1.0653988e-12
338 1.0583767e-12
339 1.0514139e-12
340 1.0445276e-12
341 1.0376703e-12
342 1.0308982e-12
343 1.0242095e-12
344 1.017543e-12
345 1.0109381e-12
346 1.0043855e-12
347 9.9788923e-13
348 9.914672e-13
349 9.8510552e-13
350 9.7881073e-13
351 9.7256759e-13
352 9.6634228e-13
353 9.6021871e-13
354 9.5412081e-13
355 9.4809113e-13
356 9.4208676e-13
357 9.3616657e-13
358 9.3026226e-13
359 9.2443134e-13
360 9.186477e-13
361 9.1293172e-13
362 9.0723611e-13
363 9.0160946e-13
364 8.9603094e-13
365 8.9050567e-13
366 8.85008e-13
367 8.7956941e-13
368 8.7416994e-13
369 8.6882098e-13
370 8.6352524e-13
371 8.5827677e-13
372 8.5304998e-13
373 8.478852e-13
374 8.4275777e-13
375 8.3767144e-13
376 8.3263967e-13
377 8.2764752e-13
378 8.226947e-13
379 8.1777636e-13
380 8.129022e-13
381 8.0806566e-13
382 8.0328059e-13
383 7.9851196e-13
384 7.9379347e-13
385 7.8911136e-13
386 7.8446357e-13
387 7.7986163e-13
388 7.7531723e-13
389 7.7080615e-13
390 7.6633163e-13
391 7.6188525e-13
392 7.5746594e-13
393 7.5308912e-13
394 7.4874919e-13
395 7.4445331e-13
396 7.4018725e-13
397 7.3593624e-13
398 7.3172944e-13
399 7.275654e-13
400 7.2343698e-13
401 7.1933421e-13
402 7.1527338e-13
403 7.112447e-13
404 7.0724807e-13
405 7.0326983e-13
406 6.99339e-13
407 6.9543276e-13
408 6.9154612e-13
409 6.8770612e-13
410 6.8391119e-13
411 6.8012654e-13
412 6.7638494e-13
413 6.7266378e-13
414 6.6897111e-13
415 6.6530321e-13
416 6.6166966e-13
417 6.5807077e-13
418 6.5450234e-13
419 6.5096077e-13
420 6.4743656e-13
421 6.4394987e-13
422 6.405018e-13
423 6.3706724e-13
424 6.3366362e-13
425 6.3027492e-13
426 6.2693407e-13
427 6.236009e-13
428 6.2030812e-13
429 6.170179e-13
430 6.1377055e-13
431 6.1055616e-13
432 6.0737051e-13
433 6.04206e-13
434 6.0106316e-13
435 5.9795243e-13
436 5.9485025e-13
437 5.9178247e-13
438 5.8873912e-13
439 5.8572041e-13
440 5.8271735e-13
441 5.7974669e-13
442 5.7679215e-13
443 5.7386168e-13
444 5.7095868e-13
445 5.6807045e-13
446 5.6521592e-13
447 5.6238475e-13
448 5.5957994e-13
449 5.5679045e-13
450 5.5401457e-13
451 5.5126829e-13
452 5.4854108e-13
453 5.458294e-13
454 5.4315187e-13
455 5.4049394e-13
456 5.3785518e-13
457 5.3523432e-13
458 5.3263036e-13
459 5.3004838e-13
460 5.2748772e-13
461 5.2494685e-13
462 5.2242736e-13
463 5.1992488e-13
464 5.1744607e-13
465 5.1498479e-13
466 5.125344e-13
467 5.1010906e-13
468 5.0769777e-13
469 5.0530744e-13
470 5.0293993e-13
471 5.0059273e-13
472 4.9827226e-13
473 4.959621e-13
474 4.9366088e-13
475 4.9138277e-13
476 4.8912417e-13
477 4.8687827e-13
478 4.8465205e-13
479 4.8245045e-13
480 4.8025756e-13
481 4.7808287e-13
482 4.7592688e-13
483 4.7378208e-13
484 4.7165624e-13
485 4.6954897e-13
486 4.6744854e-13
487 4.6536915e-13
488 4.6330985e-13
489 4.612661e-13
490 4.5923925e-13
491 4.5721382e-13
492 4.5521073e-13
493 4.532246e-13
494 4.5125348e-13
495 4.4929471e-13
496 4.4735139e-13
497 4.4542666e-13
498 4.4351267e-13
499 4.4161626e-13
500 4.3972172e-13
501 4.3785161e-13
502 4.3599323e-13
503 4.3414748e-13
504 4.3232116e-13
505 4.3049882e-13
506 4.286987e-13
507 4.2690512e-13
508 4.2512707e-13
509 4.233552e-13
510 4.2159786e-13
511 4.1985474e-13
512 4.1812345e-13
513 4.1640847e-13
514 4.1470417e-13
515 4.1301222e-13
516 4.1133491e-13
517 4.0966882e-13
518 4.0800442e-13
519 4.0636048e-13
520 4.0472779e-13
521 4.0310335e-13
522 4.0150012e-13
523 3.9989472e-13
524 3.9830469e-13
525 3.9672904e-13
526 3.9516163e-13
527 3.936084e-13
528 3.9206063e-13
529 3.9053077e-13
530 3.8900021e-13
531 3.8748552e-13
532 3.8598769e-13
533 3.8448824e-13
534 3.8300657e-13
535 3.8153258e-13
536 3.8006755e-13
537 3.7861145e-13
538 3.7717035e-13
539 3.7573377e-13
540 3.7430934e-13
541 3.7289143e-13
542 3.7148178e-13
543 3.7008039e-13
544 3.6869045e-13
545 3.6730794e-13
546 3.6593452e-13
547 3.6456498e-13
548 3.6320699e-13
549 3.6185749e-13
550 3.6052093e-13
551 3.59188e-13
552 3.5787069e-13
553 3.5655359e-13
554 3.5524649e-13
555 3.5394451e-13
556 3.5265429e-13
557 3.5137293e-13
558 3.5009536e-13
559 3.4882836e-13
560 3.4756951e-13
561 3.4631741e-13
562 3.4507143e-13
563 3.4383207e-13
564 3.4260375e-13
565 3.4137767e-13
566 3.4015886e-13
567 3.3895226e-13
568 3.3774701e-13
569 3.3655525e-13
570 3.3536527e-13
571 3.3417818e-13
572 3.3300459e-13
573 3.3183999e-13
574 3.3067346e-13
575 3.2951651e-13
576 3.2836931e-13
577 3.2722428e-13
578 3.2608703e-13
579 3.2495872e-13
580 3.2383313e-13
581 3.2271422e-13
582 3.216022e-13
583 3.2049547e-13
584 3.1939543e-13
585 3.1830123e-13
586 3.1721423e-13
587 3.1613124e-13
588 3.1505817e-13
589 3.1398426e-13
590 3.1292189e-13
591 3.1185993e-13
592 3.1080303e-13
593 3.0975391e-13
594 3.0870932e-13
595 3.0767287e-13
596 3.0664222e-13
597 3.0561242e-13
598 3.0459008e-13
599 3.0356848e-13
600 3.0255512e-13
601 3.0154641e-13
602 3.0054319e-13
603 2.9954675e-13
604 2.985531e-13
605 2.975656e-13
606 2.9658188e-13
607 2.9560361e-13
608 2.9462924e-13
609 2.9366147e-13
610 2.9269549e-13
611 2.9173497e-13
612 2.9077818e-13
613 2.898288e-13
614 2.8888694e-13
615 2.879457e-13
616 2.8701042e-13
617 2.860783e-13
618 2.8515069e-13
619 2.8422376e-13
620 2.8330173e-13
621 2.8238657e-13
622 2.8147619e-13
623 2.8056968e-13
624 2.7966615e-13
625 2.7876888e-13
626 2.7787391e-13
627 2.7698365e-13
628 2.7609934e-13
629 2.752179e-13
630 2.7434225e-13
631 2.7346994e-13
632 2.7259896e-13
633 2.7173197e-13
634 2.7086864e-13
635 2.7001032e-13
636 2.6915723e-13
637 2.6830796e-13
638 2.6746172e-13
639 2.6661681e-13
640 2.6577716e-13
641 2.6494281e-13
642 2.6411298e-13
643 2.6328487e-13
644 2.6245934e-13
645 2.616402e-13
646 2.6082436e-13
647 2.6000932e-13
648 2.5920073e-13
649 2.5839428e-13
650 2.5758996e-13
651 2.567919e-13
652 2.5599618e-13
653 2.5520354e-13
654 2.5441489e-13
655 2.5362745e-13
656 2.5284805e-13
657 2.5206882e-13
658 2.5129343e-13
659 2.5052307e-13
660 2.4975358e-13
661 2.4898902e-13
662 2.4822702e-13
663 2.4746686e-13
664 2.4671019e-13
665 2.4595752e-13
666 2.452074e-13
667 2.4446295e-13
668 2.4372089e-13
669 2.4298252e-13
670 2.4224729e-13
671 2.4151392e-13
672 2.4078411e-13
673 2.4005707e-13
674 2.3933428e-13
675 2.3861094e-13
676 2.3789421e-13
677 2.3718018e-13
678 2.3646666e-13
679 2.3575714e-13
680 2.3505051e-13
681 2.3434627e-13
682 2.3364588e-13
683 2.3294768e-13
684 2.3225459e-13
685 2.3156153e-13
686 2.3087238e-13
687 2.3018571e-13
688 2.2950307e-13
689 2.2882192e-13
690 2.281447e-13
691 2.2746993e-13
692 2.2679807e-13
693 2.2612794e-13
694 2.2546147e-13
695 2.2479704e-13
696 2.2413467e-13
697 2.2347629e-13
698 2.2281979e-13
699 2.221681e-13
700 2.2151836e-13
701 2.2087057e-13
702 2.2022444e-13
703 2.1958224e-13
704 2.1894128e-13
705 2.1830415e-13
706 2.1767001e-13
707 2.1703737e-13
708 2.164076e-13
709 2.1578128e-13
710 2.1515615e-13
711 2.1453336e-13
712 2.1391492e-13
713 2.1329752e-13
714 2.1268154e-13
715 2.1206843e-13
716 2.1145869e-13
717 2.1085111e-13
718 2.1024598e-13
719 2.0964314e-13
720 2.0904431e-13
721 2.0844721e-13
722 2.0785164e-13
723 2.0726014e-13
724 2.0666844e-13
725 2.0608051e-13
726 2.054963e-13
727 2.0491284e-13
728 2.0433234e-13
729 2.0375476e-13
730 2.0317876e-13
731 2.0260715e-13
732 2.0203742e-13
733 2.0146965e-13
734 2.0090371e-13
735 2.0033886e-13
736 1.9977922e-13
737 1.9922015e-13
738 1.986627e-13
739 1.9810952e-13
740 1.9755698e-13
741 1.9700685e-13
742 1.9645962e-13
743 1.9591414e-13
744 1.9537118e-13
745 1.9483008e-13
746 1.9429077e-13
747 1.9375515e-13
748 1.9322189e-13
749 1.926903e-13
750 1.9215986e-13
751 1.9163283e-13
752 1.9110637e-13
753 1.905826e-13
754 1.90061e-13
755 1.8954214e-13
756 1.8902564e-13
757 1.8851043e-13
758 1.8799867e-13
759 1.8748898e-13
760 1.8698075e-13
761 1.8647374e-13
762 1.8597055e-13
763 1.8546826e-13
764 1.8496846e-13
765 1.8447029e-13
766 1.8397589e-13
767 1.8348379e-13
768 1.8299289e-13
769 1.8250379e-13
770 1.8201776e-13
771 1.8153329e-13
772 1.8104998e-13
773 1.805692e-13
774 1.8009072e-13
775 1.7961335e-13
776 1.7913947e-13
777 1.7866832e-13
778 1.7819835e-13
779 1.777311e-13
780 1.7726487e-13
781 1.7680106e-13
782 1.7633856e-13
783 1.7587727e-13
784 1.7541898e-13
785 1.7496216e-13
786 1.745086e-13
787 1.7405639e-13
788 1.736063e-13
789 1.7315791e-13
790 1.7271155e-13
791 1.7226641e-13
792 1.7182379e-13
793 1.7138293e-13
794 1.7094497e-13
795 1.7050853e-13
796 1.7007369e-13
797 1.6964192e-13
798 1.6921079e-13
799 1.6878208e-13
800 1.6835566e-13
801 1.6793082e-13
802 1.6750789e-13
803 1.6708749e-13
804 1.6666773e-13
805 1.6625019e-13
806 1.6583425e-13
807 1.6542115e-13
808 1.6500902e-13
809 1.6459889e-13
810 1.6419144e-13
811 1.6378569e-13
812 1.633803e-13
813 1.6297857e-13
814 1.6257804e-13
815 1.621791e-13
816 1.6178071e-13
817 1.6138365e-13
818 1.609906e-13
819 1.6059752e-13
820 1.6020646e-13
821 1.5981736e-13
822 1.5943173e-13
823 1.5904571e-13
824 1.5866163e-13
825 1.582785e-13
826 1.5789785e-13
827 1.5751856e-13
828 1.5714057e-13
829 1.5676439e-13
830 1.5638949e-13
831 1.5601721e-13
832 1.5564591e-13
833 1.5527655e-13
834 1.5490942e-13
835 1.5454273e-13
836 1.5417809e-13
837 1.538144e-13
838 1.5345302e-13
839 1.5309274e-13
840 1.527338e-13
841 1.523767e-13
842 1.5202086e-13
843 1.5166703e-13
844 1.5131431e-13
845 1.5096318e-13
846 1.5061286e-13
847 1.502646e-13
848 1.4991666e-13
849 1.4957072e-13
850 1.4922671e-13
851 1.4888368e-13
852 1.4854283e-13
853 1.4820289e-13
854 1.4786502e-13
855 1.4752814e-13
856 1.4719296e-13
857 1.4685895e-13
858 1.4652566e-13
859 1.4619384e-13
860 1.4586342e-13
861 1.455352e-13
862 1.4520764e-13
863 1.448807e-13
864 1.4455543e-13
865 1.4423112e-13
866 1.4390822e-13
867 1.4358671e-13
868 1.4326627e-13
869 1.4294714e-13
870 1.4262948e-13
871 1.4231219e-13
872 1.4199751e-13
873 1.4168217e-13
874 1.4137034e-13
875 1.410586e-13
876 1.4074801e-13
877 1.4043831e-13
878 1.4013035e-13
879 1.3982395e-13
880 1.3951691e-13
881 1.3921207e-13
882 1.3890818e-13
883 1.3860628e-13
884 1.3830417e-13
885 1.3800386e-13
886 1.3770454e-13
887 1.3740637e-13
888 1.3710934e-13
889 1.3681313e-13
890 1.3651764e-13
891 1.3622369e-13
892 1.3593012e-13
893 1.3563826e-13
894 1.3534681e-13
895 1.3505693e-13
896 1.3476763e-13
897 1.3447905e-13
898 1.3419188e-13
899 1.3390534e-13
900 1.3362052e-13
901 1.3333611e-13
902 1.3305272e-13
903 1.3277028e-13
904 1.3248842e-13
905 1.3220763e-13
906 1.3192794e-13
907 1.3164899e-13
908 1.3137138e-13
909 1.3109358e-13
910 1.3081663e-13
911 1.3054121e-13
912 1.3026703e-13
913 1.2999319e-13
914 1.2971986e-13
915 1.2944746e-13
916 1.2917584e-13
917 1.2890507e-13
918 1.286347e-13
919 1.2836528e-13
920 1.280972e-13
921 1.2782962e-13
922 1.2756284e-13
923 1.2729673e-13
924 1.2703162e-13
925 1.2676745e-13
926 1.2650364e-13
927 1.262412e-13
928 1.2597864e-13
929 1.2571751e-13
930 1.2545725e-13
931 1.2519773e-13
932 1.2493861e-13
933 1.2468006e-13
934 1.2442293e-13
935 1.2416604e-13
936 1.2391017e-13
937 1.2365432e-13
938 1.2339923e-13
939 1.2314534e-13
940 1.2289139e-13
941 1.2263855e-13
942 1.2238667e-13
943 1.2213517e-13
944 1.2188443e-13
945 1.2163459e-13
946 1.2138543e-13
947 1.211367e-13
948 1.2088849e-13
949 1.2064177e-13
950 1.2039536e-13
951 1.2014929e-13
952 1.1990412e-13
953 1.196588e-13
954 1.1941478e-13
955 1.1917126e-13
956 1.1892826e-13
957 1.1868579e-13
958 1.1844395e-13
959 1.182031e-13
960 1.179625e-13
961 1.1772251e-13
962 1.1748309e-13
963 1.1724451e-13
964 1.170059e-13
965 1.1676871e-13
966 1.165318e-13
967 1.1629607e-13
968 1.1606051e-13
969 1.1582551e-13
970 1.1559097e-13
971 1.1535717e-13
972 1.1512402e-13
973 1.1489135e-13
974 1.1465905e-13
975 1.1442787e-13
976 1.1419661e-13
977 1.1396583e-13
978 1.1373607e-13
979 1.1350681e-13
980 1.1327831e-13
981 1.1304978e-13
982 1.1282191e-13
983 1.1259473e-13
984 1.1236793e-13
985 1.1214208e-13
986 1.1191682e-13
987 1.1169188e-13
988 1.1146744e-13
989 1.1124303e-13
990 1.1101978e-13
991 1.1079712e-13
992 1.105742e-13
993 1.1035226e-13
994 1.1013128e-13
995 1.0991074e-13
996 1.096908e-13
997 1.0947115e-13
998 1.0925151e-13
999 1.0903251e-13
1000 1.0881409e-13
1001 1.0859624e-13
1002 1.0837874e-13
1003 1.0816171e-13
1004 1.079454e-13
1005 1.0772978e-13
1006 1.0751458e-13
1007 1.0729999e-13
1008 1.0708536e-13
1009 1.0687137e-13
1010 1.0665822e-13
1011 1.0644551e-13
1012 1.0623294e-13
1013 1.0602147e-13
1014 1.0581047e-13
1015 1.0559982e-13
1016 1.053898e-13
1017 1.0518019e-13
1018 1.0497124e-13
1019 1.0476291e-13
1020 1.0455477e-13
1021 1.043474e-13
1022 1.0414025e-13
1023 1.0393378e-13
1024 1.0372756e-13
1025 1.035218e-13
1026 1.0331667e-13
1027 1.0311232e-13
1028 1.029082e-13
1029 1.0270444e-13
1030 1.0250094e-13
1031 1.0229821e-13
1032 1.0209577e-13
1033 1.01894e-13
1034 1.0169276e-13
1035 1.0149193e-13
1036 1.0129192e-13
1037 1.0109226e-13
1038 1.0089307e-13
1039 1.0069425e-13
1040 1.0049618e-13
1041 1.0029878e-13
1042 1.0010144e-13
1043 9.9904862e-14
1044 9.970871e-14
1045 9.9512835e-14
1046 9.9317929e-14
1047 9.9123453e-14
1048 9.8929269e-14
1049 9.8736124e-14
1050 9.8542714e-14
1051 9.8349998e-14
1052 9.815807e-14
1053 9.7966415e-14
1054 9.7775097e-14
1055 9.7584432e-14
1056 9.7394529e-14
1057 9.7204662e-14
1058 9.7015401e-14
1059 9.6826912e-14
1060 9.6639208e-14
1061 9.6451663e-14
1062 9.6264579e-14
1063 9.6078135e-14
1064 9.5892307e-14
1065 9.5706916e-14
1066 9.552207e-14
1067 9.5337373e-14
1068 9.5153292e-14
1069 9.4969538e-14
1070 9.4786757e-14
1071 9.4604224e-14
1072 9.4422352e-14
1073 9.4240821e-14
1074 9.4059904e-14
1075 9.3879558e-14
1076 9.3699565e-14
1077 9.3519896e-14
1078 9.3340887e-14
1079 9.3162259e-14
1080 9.2984402e-14
1081 9.2806981e-14
1082 9.2629987e-14
1083 9.2453608e-14
1084 9.2277577e-14
1085 9.2102151e-14
1086 9.1927306e-14
1087 9.175291e-14
1088 9.1578715e-14
1089 9.1405405e-14
1090 9.123259e-14
1091 9.1060235e-14
1092 9.0888299e-14
1093 9.0717028e-14
1094 9.0546496e-14
1095 9.0376328e-14
1096 9.0206601e-14
1097 9.0037093e-14
1098 8.9868278e-14
1099 8.9699738e-14
1100 8.9531964e-14
1101 8.9364797e-14
1102 8.9197738e-14
1103 8.9031537e-14
1104 8.8865712e-14
1105 8.8700371e-14
1106 8.8535643e-14
1107 8.8371519e-14
1108 8.8207681e-14
1109 8.8044344e-14
1110 8.788171e-14
1111 8.7719805e-14
1112 8.7558036e-14
1113 8.7396994e-14
1114 8.7236758e-14
1115 8.7076466e-14
1116 8.6916664e-14
1117 8.6757819e-14
1118 8.6599111e-14
1119 8.6440946e-14
1120 8.6283115e-14
1121 8.6125806e-14
1122 8.5968988e-14
1123 8.581261e-14
1124 8.5656702e-14
1125 8.550159e-14
1126 8.5346695e-14
1127 8.5192524e-14
1128 8.5039064e-14
1129 8.4885743e-14
1130 8.4732693e-14
1131 8.4580419e-14
1132 8.4428387e-14
1133 8.4277029e-14
1134 8.4126194e-14
1135 8.3975869e-14
1136 8.3826156e-14
1137 8.3676885e-14
1138 8.3527703e-14
1139 8.3379313e-14
1140 8.3231479e-14
1141 8.3083927e-14
1142 8.29372e-14
1143 8.2790706e-14
1144 8.2644245e-14
1145 8.2498821e-14
1146 8.2353419e-14
1147 8.2208642e-14
1148 8.2064639e-14
1149 8.1921057e-14
1150 8.1777637e-14
1151 8.1634753e-14
1152 8.1492497e-14
1153 8.135033e-14
1154 8.1208796e-14
1155 8.1067552e-14
1156 8.0926673e-14
1157 8.0786517e-14
1158 8.0646912e-14
1159 8.0507598e-14
1160 8.0368778e-14
1161 8.0230417e-14
1162 8.009246e-14
1163 7.9954925e-14
1164 7.9817779e-14
1165 7.9680964e-14
1166 7.9544411e-14
1167 7.9408422e-14
1168 7.92729e-14
1169 7.9137685e-14
1170 7.900283e-14
1171 7.8868497e-14
1172 7.8734353e-14
1173 7.8600602e-14
1174 7.8467352e-14
1175 7.8334627e-14
1176 7.8202185e-14
1177 7.8070457e-14
1178 7.7938884e-14
1179 7.7807645e-14
1180 7.7676819e-14
1181 7.7546426e-14
1182 7.7416513e-14
1183 7.7287163e-14
1184 7.7157574e-14
1185 7.7028475e-14
1186 7.689986e-14
1187 7.6771821e-14
1188 7.6644007e-14
1189 7.6516558e-14
1190 7.6389488e-14
1191 7.6263027e-14
1192 7.6136462e-14
1193 7.601037e-14
1194 7.5884615e-14
1195 7.575931e-14
1196 7.5634292e-14
1197 7.5509166e-14
1198 7.5384957e-14
1199 7.5260815e-14
1200 7.5137344e-14
1201 7.5013919e-14
1202 7.489097e-14
1203 7.4768096e-14
1204 7.4645879e-14
1205 7.4523896e-14
1206 7.4402319e-14
1207 7.4280904e-14
1208 7.4159836e-14
1209 7.4039194e-14
1210 7.391873e-14
1211 7.37986e-14
1212 7.3678754e-14
1213 7.3559088e-14
1214 7.3439873e-14
1215 7.3321009e-14
1216 7.3202203e-14
1217 7.3083796e-14
1218 7.2965676e-14
1219 7.284786e-14
1220 7.2730376e-14
1221 7.2613124e-14
1222 7.2496246e-14
1223 7.2379567e-14
1224 7.2263117e-14
1225 7.2146945e-14
1226 7.2031317e-14
1227 7.1915716e-14
1228 7.1800413e-14
1229 7.1685338e-14
1230 7.1570482e-14
1231 7.1455766e-14
1232 7.1341473e-14
1233 7.1227558e-14
1234 7.1113722e-14
1235 7.1000247e-14
1236 7.0887033e-14
1237 7.0774058e-14
1238 7.0661381e-14
1239 7.0548959e-14
1240 7.0436648e-14
1241 7.0324813e-14
1242 7.0213211e-14
1243 7.0101852e-14
1244 6.9990843e-14
1245 6.9879863e-14
1246 6.9768962e-14
1247 6.965816e-14
1248 6.9547784e-14
1249 6.9437652e-14
1250 6.9327834e-14
1251 6.9218138e-14
1252 6.9108498e-14
1253 6.8999298e-14
1254 6.8890333e-14
1255 6.878151e-14
1256 6.8672746e-14
1257 6.8564598e-14
1258 6.8456506e-14
1259 6.8348557e-14
1260 6.8240675e-14
1261 6.8133196e-14
1262 6.8025952e-14
1263 6.7918816e-14
1264 6.7812107e-14
1265 6.7705272e-14
1266 6.759874e-14
1267 6.7492508e-14
1268 6.7386526e-14
1269 6.7280614e-14
1270 6.717484e-14
1271 6.7069234e-14
1272 6.6963702e-14
1273 6.6858576e-14
1274 6.6753634e-14
1275 6.6648879e-14
1276 6.6544352e-14
1277 6.6440054e-14
1278 6.6335916e-14
1279 6.6231738e-14
1280 6.612808e-14
1281 6.6024326e-14
1282 6.592088e-14
1283 6.5817554e-14
1284 6.5714555e-14
1285 6.5611633e-14
1286 6.5508847e-14
1287 6.5406342e-14
1288 6.5304055e-14
1289 6.5201847e-14
1290 6.5099754e-14
1291 6.4997999e-14
1292 6.4896287e-14
1293 6.4794787e-14
1294 6.4693383e-14
1295 6.4592253e-14
1296 6.4491287e-14
1297 6.4390507e-14
1298 6.4289947e-14
1299 6.4189457e-14
1300 6.4089202e-14
1301 6.3989028e-14
1302 6.3889033e-14
1303 6.3789163e-14
1304 6.368956e-14
1305 6.3590129e-14
1306 6.3490726e-14
1307 6.3391538e-14
1308 6.3292641e-14
1309 6.3193713e-14
1310 6.3095032e-14
1311 6.2996657e-14
1312 6.2898349e-14
1313 6.2800171e-14
1314 6.2702176e-14
1315 6.2604424e-14
1316 6.2506888e-14
1317 6.2409306e-14
1318 6.2312004e-14
1319 6.2214872e-14
1320 6.2117869e-14
1321 6.2021031e-14
1322 6.1924563e-14
1323 6.1828077e-14
1324 6.1731793e-14
1325 6.1635572e-14
1326 6.1539476e-14
1327 6.1443634e-14
1328 6.134804e-14
1329 6.125248e-14
1330 6.1157054e-14
1331 6.1061876e-14
1332 6.0966769e-14
1333 6.0871802e-14
1334 6.0777109e-14
1335 6.0682467e-14
1336 6.0588084e-14
1337 6.0493973e-14
1338 6.0399941e-14
1339 6.0305996e-14
1340 6.0212238e-14
1341 6.0118473e-14
1342 6.0025006e-14
1343 5.9931697e-14
1344 5.9838578e-14
1345 5.9745733e-14
1346 5.9653083e-14
1347 5.956051e-14
1348 5.9467899e-14
1349 5.9375681e-14
1350 5.9283586e-14
1351 5.9191687e-14
1352 5.9099888e-14
1353 5.9008287e-14
1354 5.8916884e-14
1355 5.88257e-14
1356 5.8734669e-14
1357 5.864374e-14
1358 5.8552898e-14
1359 5.8462373e-14
1360 5.8371896e-14
1361 5.8281582e-14
1362 5.8191511e-14
1363 5.8101565e-14
1364 5.8011794e-14
1365 5.7922069e-14
1366 5.7832645e-14
1367 5.7743409e-14
1368 5.765437e-14
1369 5.7565543e-14
1370 5.7476815e-14
1371 5.7388365e-14
1372 5.7299828e-14
1373 5.7211542e-14
1374 5.7123367e-14
1375 5.7035611e-14
1376 5.6947786e-14
1377 5.6860186e-14
1378 5.6772864e-14
1379 5.6685736e-14
1380 5.6598881e-14
1381 5.6512022e-14
1382 5.6425416e-14
1383 5.6338976e-14
1384 5.6252765e-14
1385 5.6166595e-14
1386 5.6080634e-14
1387 5.5994773e-14
1388 5.590926e-14
1389 5.5823814e-14
1390 5.5738554e-14
1391 5.5653518e-14
1392 5.5568656e-14
1393 5.5483877e-14
1394 5.5399414e-14
1395 5.5315035e-14
1396 5.5230906e-14
1397 5.5146915e-14
1398 5.506317e-14
1399 5.4979694e-14
1400 5.4896399e-14
1401 5.48131e-14
1402 5.4730009e-14
1403 5.4647252e-14
1404 5.456454e-14
1405 5.4482093e-14
1406 5.4399812e-14
1407 5.4317613e-14
1408 5.4235628e-14
1409 5.4153942e-14
1410 5.4072275e-14
1411 5.399084e-14
1412 5.390962e-14
1413 5.382864e-14
1414 5.3747967e-14
1415 5.3667193e-14
1416 5.3586741e-14
1417 5.3506428e-14
1418 5.3426268e-14
1419 5.3346398e-14
1420 5.3266706e-14
1421 5.3187143e-14
1422 5.3107915e-14
1423 5.3028831e-14
1424 5.2949884e-14
1425 5.2871165e-14
1426 5.2792648e-14
1427 5.2714294e-14
1428 5.2636202e-14
1429 5.2558116e-14
1430 5.2480304e-14
1431 5.2402672e-14
1432 5.2325208e-14
1433 5.2247936e-14
1434 5.2170806e-14
1435 5.2093938e-14
1436 5.2017304e-14
1437 5.1940808e-14
1438 5.1864453e-14
1439 5.178838e-14
1440 5.1712518e-14
1441 5.1636697e-14
1442 5.1561107e-14
1443 5.1485725e-14
1444 5.1410536e-14
1445 5.1335624e-14
1446 5.1260872e-14
1447 5.1186218e-14
1448 5.1111748e-14
1449 5.1037426e-14
1450 5.0963356e-14
1451 5.0889529e-14
1452 5.0815754e-14
1453 5.0742339e-14
1454 5.0668977e-14
1455 5.0595847e-14
1456 5.052283e-14
1457 5.0450124e-14
1458 5.0377436e-14
1459 5.0304961e-14
1460 5.0232638e-14
1461 5.0160597e-14
1462 5.0088708e-14
1463 5.0017017e-14
1464 4.9945518e-14
1465 4.9874186e-14
1466 4.980292e-14
1467 4.9731813e-14
1468 4.9661056e-14
1469 4.9590341e-14
1470 4.9519759e-14
1471 4.9449455e-14
1472 4.9379242e-14
1473 4.9309276e-14
1474 4.9239513e-14
1475 4.9169851e-14
1476 4.9100278e-14
1477 4.9030897e-14
1478 4.8961746e-14
1479 4.8892781e-14
1480 4.8823977e-14
1481 4.875546e-14
1482 4.8686965e-14
1483 4.8618644e-14
1484 4.8550465e-14
1485 4.8482529e-14
1486 4.8414754e-14
1487 4.8347025e-14
1488 4.8279543e-14
1489 4.8212251e-14
1490 4.8145131e-14
1491 4.807814e-14
1492 4.8011322e-14
1493 4.7944588e-14
1494 4.7878046e-14
1495 4.7811669e-14
1496 4.7745458e-14
1497 4.7679365e-14
1498 4.7613369e-14
1499 4.7547643e-14
1500 4.7481988e-14
1501 4.7416574e-14
1502 4.735135e-14
1503 4.7286195e-14
1504 4.7221143e-14
1505 4.715627e-14
1506 4.7091484e-14
1507 4.7026864e-14
1508 4.6962467e-14
1509 4.6898139e-14
1510 4.683398e-14
1511 4.6770024e-14
1512 4.6706092e-14
1513 4.6642323e-14
1514 4.6578757e-14
1515 4.6515265e-14
1516 4.6451918e-14
1517 4.6388776e-14
1518 4.6325632e-14
1519 4.626272e-14
1520 4.6199901e-14
1521 4.6137232e-14
1522 4.607474e-14
1523 4.6012281e-14
1524 4.5950005e-14
1525 4.5887804e-14
1526 4.5825805e-14
1527 4.5763831e-14
1528 4.5702047e-14
1529 4.5640405e-14
1530 4.5578904e-14
1531 4.5517525e-14
1532 4.5456298e-14
1533 4.5395024e-14
1534 4.5333973e-14
1535 4.5273077e-14
1536 4.5212288e-14
1537 4.5151545e-14
1538 4.5090938e-14
1539 4.5030523e-14
1540 4.4970182e-14
1541 4.4909916e-14
1542 4.484982e-14
1543 4.4789863e-14
1544 4.472994e-14
1545 4.4670141e-14
1546 4.4610438e-14
1547 4.4550862e-14
1548 4.4491387e-14
1549 4.4432104e-14
1550 4.4372804e-14
1551 4.4313686e-14
1552 4.4254564e-14
1553 4.4195649e-14
1554 4.4136744e-14
1555 4.4077977e-14
1556 4.4019355e-14
1557 4.3960826e-14
1558 4.39024e-14
1559 4.3844089e-14
1560 4.3785825e-14
1561 4.3727779e-14
1562 4.3669727e-14
1563 4.3611772e-14
1564 4.3553942e-14
1565 4.3496187e-14
1566 4.3438561e-14
1567 4.3381019e-14
1568 4.3323557e-14
1569 4.3266203e-14
1570 4.3208848e-14
1571 4.3151695e-14
1572 4.3094659e-14
1573 4.3037581e-14
1574 4.2980691e-14
1575 4.292387e-14
1576 4.2867137e-14
1577 4.2810484e-14
1578 4.2753896e-14
1579 4.2697423e-14
1580 4.2641016e-14
1581 4.2584714e-14
1582 4.2528516e-14
1583 4.2472427e-14
1584 4.2416336e-14
1585 4.2360344e-14
1586 4.2304441e-14
1587 4.2248598e-14
1588 4.2192883e-14
1589 4.2137274e-14
1590 4.2081754e-14
1591 4.2026258e-14
1592 4.1970871e-14
1593 4.1915467e-14
1594 4.1860145e-14
1595 4.1804934e-14
1596 4.1749837e-14
1597 4.1694841e-14
1598 4.1639829e-14
1599 4.1584957e-14
1600 4.1530136e-14
1601 4.1475406e-14
1602 4.1420692e-14
1603 4.1366119e-14
1604 4.1311608e-14
1605 4.1257225e-14
1606 4.1202898e-14
1607 4.1148602e-14
1608 4.1094378e-14
1609 4.1040204e-14
1610 4.0986148e-14
1611 4.0932138e-14
1612 4.0878275e-14
1613 4.0824462e-14
1614 4.0770674e-14
1615 4.0716941e-14
1616 4.0663304e-14
1617 4.0609723e-14
1618 4.0556286e-14
1619 4.0502849e-14
1620 4.0449471e-14
1621 4.0396184e-14
1622 4.034294e-14
1623 4.0289833e-14
1624 4.023677e-14
1625 4.0183748e-14
1626 4.0130834e-14
1627 4.0078038e-14
1628 4.0025199e-14
1629 3.9972443e-14
1630 3.9919836e-14
1631 3.9867223e-14
1632 3.9814712e-14
1633 3.9762259e-14
1634 3.9709916e-14
1635 3.9657614e-14
1636 3.9605408e-14
1637 3.9553194e-14
1638 3.9501104e-14
1639 3.9449148e-14
1640 3.9397217e-14
1641 3.9345348e-14
1642 3.9293593e-14
1643 3.9241802e-14
1644 3.9190112e-14
1645 3.9138521e-14
1646 3.9086947e-14
1647 3.9035424e-14
1648 3.8984028e-14
1649 3.8932726e-14
1650 3.8881499e-14
1651 3.8830339e-14
1652 3.8779198e-14
1653 3.8728172e-14
1654 3.8677208e-14
1655 3.8626233e-14
1656 3.8575402e-14
1657 3.8524617e-14
1658 3.8474004e-14
1659 3.842342e-14
1660 3.8372848e-14
1661 3.8322348e-14
1662 3.8271878e-14
1663 3.8221547e-14
1664 3.8171227e-14
1665 3.8121027e-14
1666 3.8070927e-14
1667 3.8020907e-14
1668 3.7970902e-14
1669 3.7920974e-14
1670 3.7871087e-14
1671 3.7821282e-14
1672 3.7771556e-14
1673 3.7721932e-14
1674 3.7672364e-14
1675 3.7622966e-14
1676 3.757357e-14
1677 3.7524251e-14
1678 3.7475008e-14
1679 3.7425835e-14
1680 3.7376732e-14
1681 3.7327691e-14
1682 3.7278701e-14
1683 3.722981e-14
1684 3.718105e-14
1685 3.7132318e-14
1686 3.7083755e-14
1687 3.7035227e-14
1688 3.6986747e-14
1689 3.6938369e-14
1690 3.6890036e-14
1691 3.684179e-14
1692 3.6793591e-14
1693 3.6745541e-14
1694 3.6697522e-14
1695 3.6649604e-14
1696 3.66018e-14
1697 3.6554032e-14
1698 3.6506357e-14
1699 3.6458722e-14
1700 3.6411219e-14
1701 3.6363794e-14
1702 3.6316398e-14
1703 3.62691e-14
1704 3.622193e-14
1705 3.6174817e-14
1706 3.6127731e-14
1707 3.6080801e-14
1708 3.6033935e-14
1709 3.5987164e-14
1710 3.5940501e-14
1711 3.589386e-14
1712 3.5847381e-14
1713 3.5800991e-14
1714 3.5754653e-14
1715 3.5708362e-14
1716 3.5662215e-14
1717 3.561611e-14
1718 3.5570082e-14
1719 3.5524159e-14
1720 3.5478289e-14
1721 3.5432542e-14
1722 3.5386896e-14
1723 3.5341312e-14
1724 3.5295797e-14
1725 3.525039e-14
1726 3.5205009e-14
1727 3.5159813e-14
1728 3.5114711e-14
1729 3.5069663e-14
1730 3.5024663e-14
1731 3.4979832e-14
1732 3.4935037e-14
1733 3.4890319e-14
1734 3.4845717e-14
1735 3.4801207e-14
1736 3.4756785e-14
1737 3.4712467e-14
1738 3.4668222e-14
1739 3.4624091e-14
1740 3.4580018e-14
1741 3.4536038e-14
1742 3.4492183e-14
1743 3.4448398e-14
1744 3.4404697e-14
1745 3.4361077e-14
1746 3.4317569e-14
1747 3.427417e-14
1748 3.4230829e-14
1749 3.4187598e-14
1750 3.4144442e-14
1751 3.4101384e-14
1752 3.4058408e-14
1753 3.401552e-14
1754 3.3972716e-14
1755 3.3930044e-14
1756 3.3887418e-14
1757 3.3844919e-14
1758 3.3802528e-14
1759 3.3760177e-14
1760 3.3717966e-14
1761 3.3675823e-14
1762 3.3633765e-14
1763 3.3591826e-14
1764 3.354994e-14
1765 3.3508175e-14
1766 3.3466507e-14
1767 3.3424961e-14
1768 3.3383498e-14
1769 3.3342106e-14
1770 3.3300764e-14
1771 3.3259544e-14
1772 3.3218415e-14
1773 3.3177369e-14
1774 3.3136428e-14
1775 3.3095574e-14
1776 3.305483e-14
1777 3.3014159e-14
1778 3.2973623e-14
1779 3.2933145e-14
1780 3.2892743e-14
1781 3.2852434e-14
1782 3.2812189e-14
1783 3.2772076e-14
1784 3.2732078e-14
1785 3.2692173e-14
1786 3.2652307e-14
1787 3.2612552e-14
1788 3.25729e-14
1789 3.253332e-14
1790 3.2493831e-14
1791 3.2454438e-14
1792 3.2415139e-14
1793 3.2375907e-14
1794 3.2336859e-14
1795 3.2297832e-14
1796 3.2258907e-14
1797 3.2220066e-14
1798 3.2181309e-14
1799 3.2142633e-14
1800 3.2104068e-14
1801 3.2065575e-14
1802 3.2027198e-14
1803 3.1988864e-14
1804 3.1950622e-14
1805 3.1912441e-14
1806 3.1874365e-14
1807 3.1836416e-14
1808 3.1798524e-14
1809 3.1760732e-14
1810 3.1723027e-14
1811 3.168538e-14
1812 3.1647797e-14
1813 3.1610343e-14
1814 3.1572917e-14
1815 3.1535569e-14
1816 3.1498353e-14
1817 3.1461212e-14
1818 3.1424185e-14
1819 3.138718e-14
1820 3.1350265e-14
1821 3.1313466e-14
1822 3.1276749e-14
1823 3.1240134e-14
1824 3.1203575e-14
1825 3.1167075e-14
1826 3.1130643e-14
1827 3.1094322e-14
1828 3.105808e-14
1829 3.1021958e-14
1830 3.098588e-14
1831 3.0949868e-14
1832 3.0913965e-14
1833 3.0878101e-14
1834 3.0842352e-14
1835 3.0806685e-14
1836 3.0771097e-14
1837 3.073558e-14
1838 3.0700147e-14
1839 3.0664785e-14
1840 3.0629488e-14
1841 3.0594235e-14
1842 3.0559068e-14
1843 3.0523963e-14
1844 3.0488962e-14
1845 3.0454037e-14
1846 3.0419193e-14
1847 3.0384392e-14
1848 3.0349689e-14
1849 3.0315062e-14
1850 3.028049e-14
1851 3.0246031e-14
1852 3.0211639e-14
1853 3.0177323e-14
1854 3.0143044e-14
1855 3.0108843e-14
1856 3.0074705e-14
1857 3.004068e-14
1858 3.0006663e-14
1859 2.9972723e-14
1860 2.9938861e-14
1861 2.9905123e-14
1862 2.9871359e-14
1863 2.9837699e-14
1864 2.9804139e-14
1865 2.9770629e-14
1866 2.9737158e-14
1867 2.9703764e-14
1868 2.9670419e-14
1869 2.9637148e-14
1870 2.9603988e-14
1871 2.9570839e-14
1872 2.9537738e-14
1873 2.9504752e-14
1874 2.9471816e-14
1875 2.9438946e-14
1876 2.9406129e-14
1877 2.9373376e-14
1878 2.9340685e-14
1879 2.930806e-14
1880 2.9275502e-14
1881 2.9242977e-14
1882 2.9210523e-14
1883 2.9178135e-14
1884 2.91458e-14
1885 2.911353e-14
1886 2.9081306e-14
1887 2.9049134e-14
1888 2.9017073e-14
1889 2.8985035e-14
1890 2.8953033e-14
1891 2.8921075e-14
1892 2.8889246e-14
1893 2.8857435e-14
1894 2.8825665e-14
1895 2.8793982e-14
1896 2.8762325e-14
1897 2.8730728e-14
1898 2.8699147e-14
1899 2.8667691e-14
1900 2.8636256e-14
1901 2.8604889e-14
1902 2.8573582e-14
1903 2.8542333e-14
1904 2.8511097e-14
1905 2.8479915e-14
1906 2.8448798e-14
1907 2.8417748e-14
1908 2.8386705e-14
1909 2.835572e-14
1910 2.8324821e-14
1911 2.8293951e-14
1912 2.82631e-14
1913 2.8232341e-14
1914 2.8201635e-14
1915 2.8170962e-14
1916 2.8140329e-14
1917 2.8109732e-14
1918 2.8079226e-14
1919 2.8048742e-14
1920 2.8018314e-14
1921 2.7987874e-14
1922 2.7957524e-14
1923 2.792724e-14
1924 2.7896986e-14
1925 2.7866786e-14
1926 2.7836645e-14
1927 2.7806497e-14
1928 2.7776406e-14
1929 2.7746352e-14
1930 2.7716366e-14
1931 2.7686437e-14
1932 2.765654e-14
1933 2.7626677e-14
1934 2.7596874e-14
1935 2.7567104e-14
1936 2.7537385e-14
1937 2.7507714e-14
1938 2.7478075e-14
1939 2.7448496e-14
1940 2.7418946e-14
1941 2.7389445e-14
1942 2.7359971e-14
1943 2.7330542e-14
1944 2.7301169e-14
1945 2.7271837e-14
1946 2.7242514e-14
1947 2.7213253e-14
1948 2.7184036e-14
1949 2.715485e-14
1950 2.7125673e-14
1951 2.709654e-14
1952 2.7067474e-14
1953 2.7038482e-14
1954 2.7009481e-14
1955 2.6980508e-14
1956 2.6951598e-14
1957 2.6922713e-14
1958 2.6893887e-14
1959 2.6865092e-14
1960 2.6836346e-14
1961 2.6807617e-14
1962 2.6778949e-14
1963 2.6750298e-14
1964 2.6721707e-14
1965 2.6693117e-14
1966 2.666459e-14
1967 2.6636079e-14
1968 2.6607615e-14
1969 2.657922e-14
1970 2.6550842e-14
1971 2.6522486e-14
1972 2.649415e-14
1973 2.6465903e-14
1974 2.6437662e-14
1975 2.6409481e-14
1976 2.6381321e-14
1977 2.6353191e-14
1978 2.632509e-14
1979 2.6297035e-14
1980 2.6269018e-14
1981 2.6241022e-14
1982 2.6213082e-14
1983 2.6185178e-14
1984 2.6157252e-14
1985 2.6129399e-14
1986 2.610162e-14
1987 2.6073852e-14
1988 2.6046106e-14
1989 2.6018413e-14
1990 2.599077e-14
1991 2.5963154e-14
1992 2.5935554e-14
1993 2.5908006e-14
1994 2.5880491e-14
1995 2.5853025e-14
1996 2.5825621e-14
1997 2.579822e-14
1998 2.5770846e-14
1999 2.574352e-14
2000 2.571619e-14
2001 2.5688952e-14
2002 2.5661743e-14
2003 2.5634568e-14
2004 2.5607403e-14
2005 2.5580287e-14
2006 2.5553198e-14
2007 2.5526169e-14
2008 2.5499164e-14
2009 2.5472214e-14
2010 2.5445273e-14
2011 2.5418382e-14
2012 2.539152e-14
2013 2.5364681e-14
2014 2.5337924e-14
2015 2.5311182e-14
2016 2.5284486e-14
2017 2.5257816e-14
2018 2.523117e-14
2019 2.520457e-14
2020 2.5178013e-14
2021 2.5151484e-14
2022 2.5124991e-14
2023 2.5098563e-14
2024 2.5072174e-14
2025 2.5045799e-14
2026 2.5019485e-14
2027 2.4993179e-14
2028 2.4966922e-14
2029 2.4940697e-14
2030 2.4914532e-14
2031 2.4888365e-14
2032 2.4862265e-14
2033 2.4836192e-14
2034 2.481016e-14
2035 2.4784168e-14
2036 2.4758231e-14
2037 2.4732316e-14
2038 2.4706434e-14
2039 2.4680602e-14
2040 2.4654802e-14
2041 2.4629057e-14
2042 2.4603322e-14
2043 2.4577671e-14
2044 2.455206e-14
2045 2.4526459e-14
2046 2.4500893e-14
2047 2.4475377e-14
2048 2.4449898e-14
2049 2.4424462e-14
2050 2.4399069e-14
2051 2.43737e-14
2052 2.4348406e-14
2053 2.4323139e-14
2054 2.4297908e-14
2055 2.4272722e-14
2056 2.4247568e-14
2057 2.4222445e-14
2058 2.4197372e-14
2059 2.4172331e-14
2060 2.4147349e-14
2061 2.4122376e-14
2062 2.4097462e-14
2063 2.407259e-14
2064 2.404776e-14
2065 2.4022981e-14
2066 2.399822e-14
2067 2.3973544e-14
2068 2.3948885e-14
2069 2.39243e-14
2070 2.389973e-14
2071 2.3875186e-14
2072 2.3850686e-14
2073 2.3826236e-14
2074 2.3801836e-14
2075 2.3777471e-14
2076 2.3753165e-14
2077 2.3728897e-14
2078 2.3704657e-14
2079 2.3680483e-14
2080 2.3656322e-14
2081 2.3632191e-14
2082 2.3608119e-14
2083 2.3584087e-14
2084 2.3560084e-14
2085 2.3536153e-14
2086 2.3512261e-14
2087 2.3488431e-14
2088 2.3464611e-14
2089 2.3440866e-14
2090 2.3417174e-14
2091 2.3393529e-14
2092 2.3369885e-14
2093 2.3346307e-14
2094 2.3322757e-14
2095 2.3299255e-14
2096 2.3275796e-14
2097 2.3252382e-14
2098 2.3228999e-14
2099 2.3205674e-14
2100 2.3182396e-14
2101 2.3159177e-14
2102 2.3135977e-14
2103 2.3112832e-14
2104 2.3089744e-14
2105 2.3066679e-14
2106 2.304366e-14
2107 2.3020699e-14
2108 2.2997793e-14
2109 2.2974927e-14
2110 2.2952095e-14
2111 2.2929291e-14
2112 2.2906551e-14
2113 2.2883855e-14
2114 2.2861208e-14
2115 2.2838613e-14
2116 2.2816055e-14
2117 2.2793551e-14
2118 2.2771062e-14
2119 2.2748655e-14
2120 2.2726278e-14
2121 2.2703944e-14
2122 2.2681653e-14
2123 2.2659424e-14
2124 2.2637234e-14
2125 2.2615084e-14
2126 2.2592948e-14
2127 2.2570868e-14
2128 2.2548835e-14
2129 2.2526852e-14
2130 2.2504908e-14
2131 2.248303e-14
2132 2.246119e-14
2133 2.2439386e-14
2134 2.2417622e-14
2135 2.2395898e-14
2136 2.2374198e-14
2137 2.2352597e-14
2138 2.2331019e-14
2139 2.230948e-14
2140 2.2287995e-14
2141 2.2266544e-14
2142 2.2245116e-14
2143 2.2223752e-14
2144 2.2202434e-14
2145 2.2181152e-14
2146 2.2159923e-14
2147 2.213874e-14
2148 2.211759e-14
2149 2.2096491e-14
2150 2.207544e-14
2151 2.2054415e-14
2152 2.2033442e-14
2153 2.2012513e-14
2154 2.1991625e-14
2155 2.1970786e-14
2156 2.1949994e-14
2157 2.1929239e-14
2158 2.1908512e-14
2159 2.1887832e-14
2160 2.1867207e-14
2161 2.184664e-14
2162 2.1826079e-14
2163 2.1805584e-14
2164 2.1785135e-14
2165 2.1764726e-14
2166 2.1744337e-14
2167 2.1724012e-14
2168 2.1703707e-14
2169 2.1683433e-14
2170 2.1663223e-14
2171 2.1643035e-14
2172 2.1622904e-14
2173 2.1602811e-14
2174 2.1582765e-14
2175 2.1562749e-14
2176 2.1542778e-14
2177 2.1522865e-14
2178 2.150296e-14
2179 2.1483077e-14
2180 2.146328e-14
2181 2.1443486e-14
2182 2.1423749e-14
2183 2.1404057e-14
2184 2.1384408e-14
2185 2.1364778e-14
2186 2.1345201e-14
2187 2.1325662e-14
2188 2.1306159e-14
2189 2.1286691e-14
2190 2.1267262e-14
2191 2.1247877e-14
2192 2.122851e-14
2193 2.1209183e-14
2194 2.1189895e-14
2195 2.1170659e-14
2196 2.1151451e-14
2197 2.1132289e-14
2198 2.1113157e-14
2199 2.1094058e-14
2200 2.1074997e-14
2201 2.105596e-14
2202 2.1036975e-14
2203 2.1018026e-14
2204 2.0999105e-14
2205 2.0980221e-14
2206 2.0961368e-14
2207 2.0942543e-14
2208 2.0923749e-14
2209 2.0905e-14
2210 2.0886276e-14
2211 2.0867586e-14
2212 2.0848944e-14
2213 2.0830329e-14
2214 2.0811742e-14
2215 2.0793189e-14
2216 2.0774672e-14
2217 2.0756165e-14
2218 2.0737704e-14
2219 2.0719289e-14
2220 2.0700874e-14
2221 2.0682497e-14
2222 2.0664162e-14
2223 2.0645864e-14
2224 2.0627594e-14
2225 2.0609352e-14
2226 2.0591127e-14
2227 2.0572945e-14
2228 2.0554794e-14
2229 2.0536657e-14
2230 2.0518547e-14
2231 2.0500487e-14
2232 2.0482437e-14
2233 2.0464427e-14
2234 2.0446441e-14
2235 2.0428478e-14
2236 2.0410531e-14
2237 2.0392631e-14
2238 2.0374744e-14
2239 2.0356904e-14
2240 2.033907e-14
2241 2.0321268e-14
2242 2.0303495e-14
2243 2.0285754e-14
2244 2.0268024e-14
2245 2.0250321e-14
2246 2.0232626e-14
2247 2.0214968e-14
2248 2.0197337e-14
2249 2.0179757e-14
2250 2.016218e-14
2251 2.0144627e-14
2252 2.0127087e-14
2253 2.0109575e-14
2254 2.009209e-14
2255 2.0074627e-14
2256 2.0057185e-14
2257 2.0039772e-14
2258 2.0022381e-14
2259 2.0004986e-14
2260 1.9987631e-14
2261 1.9970292e-14
2262 1.9952974e-14
2263 1.9935683e-14
2264 1.9918419e-14
2265 1.9901166e-14
2266 1.9883944e-14
2267 1.9866731e-14
2268 1.9849544e-14
2269 1.9832379e-14
2270 1.9815219e-14
2271 1.9798098e-14
2272 1.9780996e-14
2273 1.9763905e-14
2274 1.9746842e-14
2275 1.9729782e-14
2276 1.9712748e-14
2277 1.9695751e-14
2278 1.9678774e-14
2279 1.9661806e-14
2280 1.9644853e-14
2281 1.9627909e-14
2282 1.9610976e-14
2283 1.9594069e-14
2284 1.9577185e-14
2285 1.9560324e-14
2286 1.9543477e-14
2287 1.9526662e-14
2288 1.9509852e-14
2289 1.9493058e-14
2290 1.9476272e-14
2291 1.9459503e-14
2292 1.944276e-14
2293 1.9426031e-14
2294 1.9409313e-14
2295 1.9392624e-14
2296 1.9375945e-14
2297 1.9359276e-14
2298 1.9342624e-14
2299 1.9325985e-14
2300 1.9309378e-14
2301 1.9292775e-14
2302 1.927619e-14
2303 1.9259619e-14
2304 1.9243065e-14
2305 1.9226533e-14
2306 1.9210018e-14
2307 1.9193522e-14
2308 1.917702e-14
2309 1.9160547e-14
2310 1.9144099e-14
2311 1.9127669e-14
2312 1.9111234e-14
2313 1.9094825e-14
2314 1.9078438e-14
2315 1.9062052e-14
2316 1.9045698e-14
2317 1.9029355e-14
2318 1.9013039e-14
2319 1.899673e-14
2320 1.8980428e-14
2321 1.8964151e-14
2322 1.8947895e-14
2323 1.8931651e-14
2324 1.8915416e-14
2325 1.8899192e-14
2326 1.8883005e-14
2327 1.8866828e-14
2328 1.8850655e-14
2329 1.8834507e-14
2330 1.8818363e-14
2331 1.8802228e-14
2332 1.8786126e-14
2333 1.8770044e-14
2334 1.8753973e-14
2335 1.8737922e-14
2336 1.8721888e-14
2337 1.8705865e-14
2338 1.8689855e-14
2339 1.8673874e-14
2340 1.8657915e-14
2341 1.8641967e-14
2342 1.8626012e-14
2343 1.8610098e-14
2344 1.8594204e-14
2345 1.8578325e-14
2346 1.8562466e-14
2347 1.8546627e-14
2348 1.8530818e-14
2349 1.8515001e-14
2350 1.8499214e-14
2351 1.848344e-14
2352 1.8467682e-14
2353 1.8451959e-14
2354 1.8436241e-14
2355 1.8420556e-14
2356 1.840488e-14
2357 1.8389215e-14
2358 1.8373576e-14
2359 1.8357961e-14
2360 1.834236e-14
2361 1.8326785e-14
2362 1.8311226e-14
2363 1.8295701e-14
2364 1.8280185e-14
2365 1.8264715e-14
2366 1.8249251e-14
2367 1.8233811e-14
2368 1.8218388e-14
2369 1.8202992e-14
2370 1.8187608e-14
2371 1.8172236e-14
2372 1.8156904e-14
2373 1.8141602e-14
2374 1.8126325e-14
2375 1.8111063e-14
2376 1.8095829e-14
2377 1.8080621e-14
2378 1.8065437e-14
2379 1.8050277e-14
2380 1.8035141e-14
2381 1.8020021e-14
2382 1.8004929e-14
2383 1.7989873e-14
2384 1.7974838e-14
2385 1.7959827e-14
2386 1.7944841e-14
2387 1.7929894e-14
2388 1.7914968e-14
2389 1.7900059e-14
2390 1.7885174e-14
2391 1.7870333e-14
2392 1.7855515e-14
2393 1.7840738e-14
2394 1.7825984e-14
2395 1.7811263e-14
2396 1.7796552e-14
2397 1.7781879e-14
2398 1.7767248e-14
2399 1.775264e-14
2400 1.773806e-14
2401 1.7723506e-14
2402 1.7708987e-14
2403 1.7694502e-14
2404 1.7680044e-14
2405 1.7665615e-14
2406 1.7651211e-14
2407 1.7636855e-14
2408 1.7622523e-14
2409 1.7608226e-14
2410 1.7593975e-14
2411 1.7579745e-14
2412 1.7565555e-14
2413 1.7551383e-14
2414 1.753725e-14
2415 1.7523141e-14
2416 1.7509085e-14
2417 1.7495063e-14
2418 1.7481086e-14
2419 1.7467137e-14
2420 1.7453207e-14
2421 1.7439334e-14
2422 1.7425484e-14
2423 1.7411678e-14
2424 1.7397902e-14
2425 1.7384171e-14
2426 1.7370469e-14
2427 1.7356808e-14
2428 1.7343183e-14
2429 1.7329602e-14
2430 1.7316053e-14
2431 1.7302539e-14
2432 1.7289074e-14
2433 1.7275638e-14
2434 1.7262243e-14
2435 1.7248902e-14
2436 1.7235594e-14
2437 1.7222325e-14
2438 1.7209097e-14
2439 1.7195913e-14
2440 1.7182768e-14
2441 1.716966e-14
2442 1.7156596e-14
2443 1.7143558e-14
2444 1.713057e-14
2445 1.7117618e-14
2446 1.7104717e-14
2447 1.7091851e-14
2448 1.7079038e-14
2449 1.7066258e-14
2450 1.7053517e-14
2451 1.704083e-14
2452 1.7028176e-14
2453 1.7015558e-14
2454 1.7002996e-14
2455 1.6990472e-14
2456 1.6977975e-14
2457 1.6965541e-14
2458 1.6953154e-14
2459 1.6940805e-14
2460 1.6928502e-14
2461 1.6916243e-14
2462 1.6904026e-14
2463 1.6891858e-14
2464 1.6879723e-14
2465 1.6867638e-14
2466 1.6855596e-14
2467 1.6843597e-14
2468 1.6831654e-14
2469 1.6819746e-14
2470 1.6807892e-14
2471 1.6796072e-14
2472 1.6784309e-14
2473 1.6772585e-14
2474 1.6760906e-14
2475 1.6749268e-14
2476 1.6737676e-14
2477 1.6726147e-14
2478 1.6714651e-14
2479 1.6703208e-14
2480 1.6691805e-14
2481 1.6680448e-14
2482 1.666914e-14
2483 1.6657883e-14
2484 1.6646662e-14
2485 1.6635477e-14
2486 1.662435e-14
2487 1.6613272e-14
2488 1.6602237e-14
2489 1.6591241e-14
2490 1.6580293e-14
2491 1.6569392e-14
2492 1.6558526e-14
2493 1.6547707e-14
2494 1.6536944e-14
2495 1.6526243e-14
2496 1.6515556e-14
2497 1.6504921e-14
2498 1.6494335e-14
2499 1.6483788e-14
2500 1.6473293e-14
2501 1.6462832e-14
2502 1.6452421e-14
2503 1.6442063e-14
2504 1.6431734e-14
2505 1.6421456e-14
2506 1.6411223e-14
2507 1.6401031e-14
2508 1.6390881e-14
2509 1.6380788e-14
2510 1.637074e-14
2511 1.6360737e-14
2512 1.6350763e-14
2513 1.634084e-14
2514 1.6330962e-14
2515 1.632112e-14
2516 1.6311329e-14
2517 1.6301571e-14
2518 1.6291859e-14
2519 1.6282184e-14
2520 1.6272556e-14
2521 1.6262961e-14
2522 1.625341e-14
2523 1.6243899e-14
2524 1.6234426e-14
2525 1.6224994e-14
2526 1.6215598e-14
2527 1.6206254e-14
2528 1.6196951e-14
2529 1.6187685e-14
2530 1.6178468e-14
2531 1.6169275e-14
2532 1.6160127e-14
2533 1.6151008e-14
2534 1.6141935e-14
2535 1.6132893e-14
2536 1.6123889e-14
2537 1.6114932e-14
2538 1.6106007e-14
2539 1.6097121e-14
2540 1.6088275e-14
2541 1.6079456e-14
2542 1.6070669e-14
2543 1.6061926e-14
2544 1.6053211e-14
2545 1.6044527e-14
2546 1.6035881e-14
2547 1.6027281e-14
2548 1.6018695e-14
2549 1.6010143e-14
2550 1.6001634e-14
2551 1.5993156e-14
2552 1.5984707e-14
2553 1.5976284e-14
2554 1.5967908e-14
2555 1.5959539e-14
2556 1.5951217e-14
2557 1.5942925e-14
2558 1.5934652e-14
2559 1.5926421e-14
2560 1.5918209e-14
2561 1.5910033e-14
2562 1.5901876e-14
2563 1.5893752e-14
2564 1.5885653e-14
2565 1.5877586e-14
2566 1.5869539e-14
2567 1.5861514e-14
2568 1.5853528e-14
2569 1.5845561e-14
2570 1.5837617e-14
2571 1.5829697e-14
2572 1.5821794e-14
2573 1.5813929e-14
2574 1.580609e-14
2575 1.5798274e-14
2576 1.579047e-14
2577 1.5782689e-14
2578 1.577493e-14
2579 1.5767191e-14
2580 1.5759473e-14
2581 1.5751784e-14
2582 1.5744111e-14
2583 1.5736451e-14
2584 1.572881e-14
2585 1.5721197e-14
2586 1.5713604e-14
2587 1.5706032e-14
2588 1.5698462e-14
2589 1.5690913e-14
2590 1.568338e-14
2591 1.5675864e-14
2592 1.5668365e-14
2593 1.566088e-14
2594 1.5653418e-14
2595 1.5645964e-14
2596 1.5638524e-14
2597 1.5631102e-14
2598 1.5623702e-14
2599 1.5616306e-14
2600 1.5608915e-14
2601 1.5601546e-14
2602 1.5594195e-14
2603 1.5586851e-14
2604 1.5579519e-14
2605 1.5572193e-14
2606 1.5564889e-14
2607 1.5557592e-14
2608 1.5550304e-14
2609 1.5543019e-14
2610 1.5535751e-14
2611 1.5528485e-14
2612 1.5521224e-14
2613 1.551398e-14
2614 1.5506747e-14
2615 1.5499514e-14
2616 1.5492291e-14
2617 1.5485066e-14
2618 1.547786e-14
2619 1.5470649e-14
2620 1.5463454e-14
2621 1.5456273e-14
2622 1.5449087e-14
2623 1.5441905e-14
2624 1.5434729e-14
2625 1.5427567e-14
2626 1.5420407e-14
2627 1.5413241e-14
2628 1.5406088e-14
2629 1.5398937e-14
2630 1.5391791e-14
2631 1.5384644e-14
2632 1.537751e-14
2633 1.5370367e-14
2634 1.5363225e-14
2635 1.5356083e-14
2636 1.534895e-14
2637 1.5341819e-14
2638 1.5334687e-14
2639 1.5327563e-14
2640 1.5320436e-14
2641 1.5313309e-14
2642 1.5306188e-14
2643 1.5299062e-14
2644 1.5291938e-14
2645 1.5284822e-14
2646 1.5277714e-14
2647 1.5270593e-14
2648 1.5263476e-14
2649 1.5256362e-14
2650 1.5249243e-14
2651 1.524212e-14
2652 1.5235015e-14
2653 1.5227904e-14
2654 1.522079e-14
2655 1.5213672e-14
2656 1.5206559e-14
2657 1.5199438e-14
2658 1.5192331e-14
2659 1.5185212e-14
2660 1.5178095e-14
2661 1.5170973e-14
2662 1.5163849e-14
2663 1.5156736e-14
2664 1.5149614e-14
2665 1.5142505e-14
2666 1.5135382e-14
2667 1.5128264e-14
2668 1.5121153e-14
2669 1.5114034e-14
2670 1.5106921e-14
2671 1.5099805e-14
2672 1.5092691e-14
2673 1.5085571e-14
2674 1.5078455e-14
2675 1.5071341e-14
2676 1.5064228e-14
2677 1.5057117e-14
2678 1.5050005e-14
2679 1.5042897e-14
2680 1.5035784e-14
2681 1.5028678e-14
2682 1.5021575e-14
2683 1.5014474e-14
2684 1.5007366e-14
2685 1.500026e-14
2686 1.4993162e-14
2687 1.4986068e-14
2688 1.4978971e-14
2689 1.4971877e-14
2690 1.496479e-14
2691 1.4957699e-14
2692 1.4950615e-14
2693 1.4943534e-14
2694 1.4936458e-14
2695 1.4929393e-14
2696 1.4922333e-14
2697 1.4915274e-14
2698 1.4908221e-14
2699 1.4901171e-14
2700 1.4894127e-14
2701 1.4887087e-14
2702 1.4880058e-14
2703 1.4873032e-14
2704 1.4866009e-14
2705 1.4858997e-14
2706 1.4852e-14
2707 1.4844999e-14
2708 1.4838008e-14
2709 1.4831021e-14
2710 1.4824043e-14
2711 1.4817074e-14
2712 1.4810118e-14
2713 1.4803164e-14
2714 1.4796219e-14
2715 1.4789287e-14
2716 1.4782365e-14
2717 1.4775457e-14
2718 1.4768546e-14
2719 1.4761658e-14
2720 1.4754787e-14
2721 1.4747925e-14
2722 1.4741073e-14
2723 1.4734241e-14
2724 1.4727411e-14
2725 1.4720602e-14
2726 1.4713799e-14
2727 1.4707017e-14
2728 1.4700251e-14
2729 1.4693498e-14
2730 1.4686759e-14
2731 1.4680035e-14
2732 1.4673334e-14
2733 1.4666637e-14
2734 1.4659963e-14
2735 1.4653305e-14
2736 1.464667e-14
2737 1.4640046e-14
2738 1.4633442e-14
2739 1.4626853e-14
2740 1.4620292e-14
2741 1.4613751e-14
2742 1.4607226e-14
2743 1.4600718e-14
2744 1.4594225e-14
2745 1.4587766e-14
2746 1.4581313e-14
2747 1.4574891e-14
2748 1.4568484e-14
2749 1.4562104e-14
2750 1.4555734e-14
2751 1.4549401e-14
2752 1.4543095e-14
2753 1.4536803e-14
2754 1.4530538e-14
2755 1.4524294e-14
2756 1.4518084e-14
2757 1.4511885e-14
2758 1.4505722e-14
2759 1.4499576e-14
2760 1.4493456e-14
2761 1.448737e-14
2762 1.4481309e-14
2763 1.447528e-14
2764 1.4469273e-14
2765 1.4463292e-14
2766 1.4457339e-14
2767 1.4451415e-14
2768 1.4445523e-14
2769 1.4439657e-14
2770 1.4433816e-14
2771 1.4428006e-14
2772 1.4422225e-14
2773 1.4416476e-14
2774 1.4410749e-14
2775 1.4405065e-14
2776 1.4399401e-14
2777 1.4393771e-14
2778 1.4388169e-14
2779 1.4382604e-14
2780 1.4377069e-14
2781 1.437156e-14
2782 1.4366079e-14
2783 1.4360638e-14
2784 1.4355227e-14
2785 1.4349849e-14
2786 1.4344505e-14
2787 1.4339195e-14
2788 1.4333916e-14
2789 1.4328672e-14
2790 1.4323452e-14
2791 1.4318271e-14
2792 1.4313129e-14
2793 1.430802e-14
2794 1.4302941e-14
2795 1.4297888e-14
2796 1.4292883e-14
2797 1.4287902e-14
2798 1.4282958e-14
2799 1.427805e-14
2800 1.4273167e-14
2801 1.4268324e-14
2802 1.4263513e-14
2803 1.4258737e-14
2804 1.4254001e-14
2805 1.4249298e-14
2806 1.4244637e-14
2807 1.4239996e-14
2808 1.4235393e-14
2809 1.4230825e-14
2810 1.4226293e-14
2811 1.4221794e-14
2812 1.4217327e-14
2813 1.4212893e-14
2814 1.4208499e-14
2815 1.4204144e-14
2816 1.419982e-14
2817 1.419553e-14
2818 1.4191276e-14
2819 1.4187049e-14
2820 1.4182852e-14
2821 1.41787e-14
2822 1.4174581e-14
2823 1.4170483e-14
2824 1.4166427e-14
2825 1.4162409e-14
2826 1.4158417e-14
2827 1.4154467e-14
2828 1.4150542e-14
2829 1.4146651e-14
2830 1.4142785e-14
2831 1.4138953e-14
2832 1.4135158e-14
2833 1.4131393e-14
2834 1.4127658e-14
2835 1.4123952e-14
2836 1.4120281e-14
2837 1.4116642e-14
2838 1.4113037e-14
2839 1.410946e-14
2840 1.4105911e-14
2841 1.4102395e-14
2842 1.4098904e-14
2843 1.4095449e-14
2844 1.4092015e-14
2845 1.4088617e-14
2846 1.4085244e-14
2847 1.40819e-14
2848 1.4078586e-14
2849 1.4075297e-14
2850 1.4072033e-14
2851 1.4068792e-14
2852 1.4065578e-14
2853 1.4062398e-14
2854 1.405924e-14
2855 1.4056105e-14
2856 1.4052994e-14
2857 1.4049908e-14
2858 1.4046843e-14
2859 1.4043803e-14
2860 1.4040785e-14
2861 1.4037787e-14
2862 1.4034815e-14
2863 1.4031862e-14
2864 1.4028936e-14
2865 1.402603e-14
2866 1.4023144e-14
2867 1.4020274e-14
2868 1.4017427e-14
2869 1.4014592e-14
2870 1.4011784e-14
2871 1.400899e-14
2872 1.4006213e-14
2873 1.4003457e-14
2874 1.4000725e-14
2875 1.3998003e-14
2876 1.3995297e-14
2877 1.3992604e-14
2878 1.3989928e-14
2879 1.3987266e-14
2880 1.3984618e-14
2881 1.3981977e-14
2882 1.3979348e-14
2883 1.3976734e-14
2884 1.3974134e-14
2885 1.3971544e-14
2886 1.3968965e-14
2887 1.3966399e-14
2888 1.3963843e-14
2889 1.3961298e-14
2890 1.3958756e-14
2891 1.395623e-14
2892 1.3953705e-14
2893 1.3951185e-14
2894 1.3948675e-14
2895 1.3946168e-14
2896 1.3943675e-14
2897 1.3941175e-14
2898 1.3938686e-14
2899 1.3936202e-14
2900 1.3933721e-14
2901 1.3931241e-14
2902 1.3928768e-14
2903 1.39263e-14
2904 1.392383e-14
2905 1.3921368e-14
2906 1.3918905e-14
2907 1.3916437e-14
2908 1.3913968e-14
2909 1.3911501e-14
2910 1.3909038e-14
2911 1.3906569e-14
2912 1.3904099e-14
2913 1.390163e-14
2914 1.389916e-14
2915 1.3896682e-14
2916 1.3894201e-14
2917 1.3891714e-14
2918 1.388922e-14
2919 1.3886723e-14
2920 1.3884224e-14
2921 1.388172e-14
2922 1.3879213e-14
2923 1.3876702e-14
2924 1.3874182e-14
2925 1.3871654e-14
2926 1.3869117e-14
2927 1.3866572e-14
2928 1.3864015e-14
2929 1.3861455e-14
2930 1.3858887e-14
2931 1.3856308e-14
2932 1.3853722e-14
2933 1.3851127e-14
2934 1.3848526e-14
2935 1.384591e-14
2936 1.3843285e-14
2937 1.384065e-14
2938 1.3838002e-14
2939 1.3835346e-14
2940 1.3832676e-14
2941 1.3829997e-14
2942 1.3827307e-14
2943 1.3824605e-14
2944 1.3821891e-14
2945 1.3819167e-14
2946 1.3816432e-14
2947 1.3813678e-14
2948 1.3810915e-14
2949 1.3808143e-14
2950 1.3805356e-14
2951 1.3802555e-14
2952 1.3799747e-14
2953 1.3796923e-14
2954 1.3794087e-14
2955 1.3791238e-14
2956 1.378838e-14
2957 1.378551e-14
2958 1.3782625e-14
2959 1.3779728e-14
2960 1.3776814e-14
2961 1.3773891e-14
2962 1.3770954e-14
2963 1.3768004e-14
2964 1.3765042e-14
2965 1.3762064e-14
2966 1.3759084e-14
2967 1.3756088e-14
2968 1.375308e-14
2969 1.3750067e-14
2970 1.3747037e-14
2971 1.3743999e-14
2972 1.3740945e-14
2973 1.3737879e-14
2974 1.3734806e-14
2975 1.373172e-14
2976 1.372863e-14
2977 1.3725525e-14
2978 1.3722413e-14
2979 1.3719289e-14
2980 1.371616e-14
2981 1.3713022e-14
2982 1.3709877e-14
2983 1.3706723e-14
2984 1.3703562e-14
2985 1.3700397e-14
2986 1.3697222e-14
2987 1.3694039e-14
2988 1.3690856e-14
2989 1.3687666e-14
2990 1.3684471e-14
2991 1.3681272e-14
2992 1.3678069e-14
2993 1.367486e-14
2994 1.3671652e-14
2995 1.3668442e-14
2996 1.3665229e-14
2997 1.3662021e-14
2998 1.365881e-14
2999 1.3655596e-14
3000 1.3652388e-14
