# Fiducial parameters: cosmomc_theta = 0.0104092, logA = 3.044, ombh2 = 0.02237, omch2 = 0.12, ns = 0.9649, tau = 0.0544, h = 0.6733981423479604, lens_potential_accuracy = 8, lens_margin = 2050, AccuracyBoost = 2.0, lSampleBoost = 2.0, lAccuracyBoost = 2.0, kmax = 10, k_per_logint = 130, nonlinear = True, DoLateRadTruncation = False
30 1.7308816e-10
31 1.6248314e-10
32 1.5278337e-10
33 1.4388267e-10
34 1.3569003e-10
35 1.2814215e-10
36 1.2116511e-10
37 1.147102e-10
38 1.0871787e-10
39 1.0315518e-10
40 9.7982138e-11
41 9.3159482e-11
42 8.8657095e-11
43 8.4449035e-11
44 8.0513269e-11
45 7.6826327e-11
46 7.3364189e-11
47 7.0106556e-11
48 6.7052962e-11
49 6.4176336e-11
50 6.145977e-11
51 5.8903117e-11
52 5.6494691e-11
53 5.4213124e-11
54 5.2056029e-11
55 5.0014842e-11
56 4.8078816e-11
57 4.6241287e-11
58 4.4500657e-11
59 4.2841478e-11
60 4.1270535e-11
61 3.977206e-11
62 3.8347883e-11
63 3.6996568e-11
64 3.5704484e-11
65 3.4471718e-11
66 3.3295396e-11
67 3.2174454e-11
68 3.1100818e-11
69 3.0075482e-11
70 2.909431e-11
71 2.815674e-11
72 2.7260979e-11
73 2.6404114e-11
74 2.5581022e-11
75 2.479073e-11
76 2.4033912e-11
77 2.33085e-11
78 2.2610727e-11
79 2.1940259e-11
80 2.1296342e-11
81 2.0675841e-11
82 2.0081527e-11
83 1.9508085e-11
84 1.8958729e-11
85 1.8428695e-11
86 1.7917532e-11
87 1.742581e-11
88 1.6951754e-11
89 1.6494166e-11
90 1.6053108e-11
91 1.5627592e-11
92 1.5219127e-11
93 1.4821901e-11
94 1.4438436e-11
95 1.406956e-11
96 1.3713924e-11
97 1.3369657e-11
98 1.3036413e-11
99 1.271436e-11
100 1.2401844e-11
101 1.2100371e-11
102 1.1808167e-11
103 1.1524453e-11
104 1.1252346e-11
105 1.098804e-11
106 1.0730075e-11
107 1.0481357e-11
108 1.0239861e-11
109 1.0006616e-11
110 9.7800911e-12
111 9.5598937e-12
112 9.3468889e-12
113 9.1398752e-12
114 8.9391041e-12
115 8.7444838e-12
116 8.5548792e-12
117 8.3706442e-12
118 8.1924236e-12
119 8.019621e-12
120 7.8506889e-12
121 7.6861467e-12
122 7.5266962e-12
123 7.3715595e-12
124 7.2215051e-12
125 7.0752197e-12
126 6.9330085e-12
127 6.7944276e-12
128 6.6594223e-12
129 6.5276176e-12
130 6.3992134e-12
131 6.2740629e-12
132 6.1533413e-12
133 6.035076e-12
134 5.9201046e-12
135 5.8082196e-12
136 5.6984171e-12
137 5.5921714e-12
138 5.4884966e-12
139 5.3874632e-12
140 5.2892576e-12
141 5.1931462e-12
142 5.0992858e-12
143 5.0073068e-12
144 4.9176619e-12
145 4.8303187e-12
146 4.7451177e-12
147 4.6617427e-12
148 4.5806032e-12
149 4.501559e-12
150 4.4241437e-12
151 4.3487554e-12
152 4.2746799e-12
153 4.2025942e-12
154 4.1319089e-12
155 4.0629069e-12
156 3.9955931e-12
157 3.9298434e-12
158 3.8653616e-12
159 3.8023059e-12
160 3.7407913e-12
161 3.6807506e-12
162 3.6221225e-12
163 3.5650936e-12
164 3.5084765e-12
165 3.4536282e-12
166 3.3997756e-12
167 3.3470784e-12
168 3.2953011e-12
169 3.244901e-12
170 3.195336e-12
171 3.1466593e-12
172 3.0993022e-12
173 3.0527845e-12
174 3.0073796e-12
175 2.9628945e-12
176 2.919214e-12
177 2.8765479e-12
178 2.8344532e-12
179 2.7933432e-12
180 2.7531726e-12
181 2.7136089e-12
182 2.6749823e-12
183 2.6368885e-12
184 2.5998522e-12
185 2.5632372e-12
186 2.527483e-12
187 2.4925662e-12
188 2.4584293e-12
189 2.424895e-12
190 2.3919315e-12
191 2.3594392e-12
192 2.3275906e-12
193 2.2962981e-12
194 2.2655568e-12
195 2.2354986e-12
196 2.2060496e-12
197 2.177016e-12
198 2.1487076e-12
199 2.1207281e-12
200 2.0932434e-12
201 2.0662576e-12
202 2.039775e-12
203 2.0137521e-12
204 1.9882144e-12
205 1.9631461e-12
206 1.9385267e-12
207 1.9143413e-12
208 1.8906018e-12
209 1.8671216e-12
210 1.8440717e-12
211 1.8213927e-12
212 1.7991537e-12
213 1.7773271e-12
214 1.7558982e-12
215 1.7349439e-12
216 1.714188e-12
217 1.6938415e-12
218 1.6737893e-12
219 1.6541801e-12
220 1.6347057e-12
221 1.6157619e-12
222 1.5970116e-12
223 1.5785481e-12
224 1.5603279e-12
225 1.5423714e-12
226 1.5247333e-12
227 1.5074301e-12
228 1.4903717e-12
229 1.4736873e-12
230 1.4572109e-12
231 1.4410072e-12
232 1.425069e-12
233 1.4092826e-12
234 1.3937867e-12
235 1.3785532e-12
236 1.3634674e-12
237 1.3486669e-12
238 1.3341027e-12
239 1.3197515e-12
240 1.3056212e-12
241 1.2916112e-12
242 1.2779471e-12
243 1.2644147e-12
244 1.251043e-12
245 1.2379541e-12
246 1.2250436e-12
247 1.2123715e-12
248 1.1998006e-12
249 1.1874481e-12
250 1.175229e-12
251 1.1631945e-12
252 1.1513176e-12
253 1.1396563e-12
254 1.1281082e-12
255 1.116824e-12
256 1.1056754e-12
257 1.0946177e-12
258 1.0836954e-12
259 1.0728776e-12
260 1.0622773e-12
261 1.0518181e-12
262 1.0415053e-12
263 1.0313766e-12
264 1.0213287e-12
265 1.0114954e-12
266 1.0017287e-12
267 9.9211715e-13
268 9.8263953e-13
269 9.7327455e-13
270 9.639855e-13
271 9.5485116e-13
272 9.4588941e-13
273 9.369842e-13
274 9.2817948e-13
275 9.19545e-13
276 9.1099209e-13
277 9.0253264e-13
278 8.9421293e-13
279 8.8596344e-13
280 8.7782105e-13
281 8.698386e-13
282 8.6193225e-13
283 8.5409824e-13
284 8.4642208e-13
285 8.3879003e-13
286 8.313035e-13
287 8.2389608e-13
288 8.1659296e-13
289 8.0933753e-13
290 8.02193e-13
291 7.9514152e-13
292 7.8817458e-13
293 7.8122052e-13
294 7.7442796e-13
295 7.6771906e-13
296 7.6105433e-13
297 7.544794e-13
298 7.4792678e-13
299 7.4155421e-13
300 7.3522767e-13
301 7.2896042e-13
302 7.2278715e-13
303 7.1670759e-13
304 7.1067315e-13
305 7.0470173e-13
306 6.9877044e-13
307 6.929447e-13
308 6.871983e-13
309 6.8149498e-13
310 6.7588695e-13
311 6.7030719e-13
312 6.6479213e-13
313 6.5936302e-13
314 6.5399361e-13
315 6.4867739e-13
316 6.4340015e-13
317 6.3820864e-13
318 6.3305997e-13
319 6.2797755e-13
320 6.2294653e-13
321 6.1796486e-13
322 6.1307864e-13
323 6.0823754e-13
324 6.0346668e-13
325 5.9872618e-13
326 5.9405083e-13
327 5.8941397e-13
328 5.8480452e-13
329 5.8026519e-13
330 5.7578544e-13
331 5.7133054e-13
332 5.669356e-13
333 5.6259806e-13
334 5.5829962e-13
335 5.5404298e-13
336 5.4983091e-13
337 5.4566059e-13
338 5.4154707e-13
339 5.3747344e-13
340 5.3345706e-13
341 5.2945047e-13
342 5.2551001e-13
343 5.2163384e-13
344 5.1776085e-13
345 5.139307e-13
346 5.1013409e-13
347 5.0637505e-13
348 5.0267172e-13
349 4.9901025e-13
350 4.9539728e-13
351 4.9181768e-13
352 4.8823775e-13
353 4.8474147e-13
354 4.8125289e-13
355 4.7781467e-13
356 4.7438402e-13
357 4.7101988e-13
358 4.676541e-13
359 4.6434427e-13
360 4.610644e-13
361 4.5783497e-13
362 4.5460883e-13
363 4.5143464e-13
364 4.482917e-13
365 4.4518524e-13
366 4.4208971e-13
367 4.390367e-13
368 4.3600637e-13
369 4.3301022e-13
370 4.3005104e-13
371 4.27123e-13
372 4.2420063e-13
373 4.2132435e-13
374 4.1846961e-13
375 4.1564025e-13
376 4.1284985e-13
377 4.1008358e-13
378 4.0734122e-13
379 4.0461804e-13
380 4.0192383e-13
381 3.9925213e-13
382 3.9661689e-13
383 3.9398317e-13
384 3.9138478e-13
385 3.8880804e-13
386 3.8625098e-13
387 3.8372522e-13
388 3.8124256e-13
389 3.7877885e-13
390 3.7633743e-13
391 3.7390996e-13
392 3.7149545e-13
393 3.6910942e-13
394 3.6674635e-13
395 3.6441349e-13
396 3.6209668e-13
397 3.5978124e-13
398 3.5749642e-13
399 3.5524082e-13
400 3.5300742e-13
401 3.507863e-13
402 3.4859384e-13
403 3.4642033e-13
404 3.4426573e-13
405 3.4211648e-13
406 3.4000166e-13
407 3.3789853e-13
408 3.3580218e-13
409 3.3373972e-13
410 3.3170964e-13
411 3.2967725e-13
412 3.2767536e-13
413 3.2568147e-13
414 3.2370368e-13
415 3.2173834e-13
416 3.197951e-13
417 3.1787435e-13
418 3.1597196e-13
419 3.140844e-13
420 3.1220224e-13
421 3.1034569e-13
422 3.0851596e-13
423 3.0668797e-13
424 3.0487924e-13
425 3.0307381e-13
426 3.0130469e-13
427 2.9953177e-13
428 2.9778783e-13
429 2.9603512e-13
430 2.94314e-13
431 2.9261464e-13
432 2.9093288e-13
433 2.892612e-13
434 2.8760019e-13
435 2.8596036e-13
436 2.8431822e-13
437 2.8269967e-13
438 2.8109485e-13
439 2.7950399e-13
440 2.779182e-13
441 2.7635429e-13
442 2.7479604e-13
443 2.7325149e-13
444 2.7172408e-13
445 2.7020119e-13
446 2.6870182e-13
447 2.672157e-13
448 2.657459e-13
449 2.6428143e-13
450 2.6282068e-13
451 2.6137968e-13
452 2.5994797e-13
453 2.5852209e-13
454 2.5712073e-13
455 2.557294e-13
456 2.5434773e-13
457 2.5297455e-13
458 2.5160888e-13
459 2.5025591e-13
460 2.4891503e-13
461 2.4758478e-13
462 2.4626683e-13
463 2.4495686e-13
464 2.436616e-13
465 2.4237499e-13
466 2.4109045e-13
467 2.3982221e-13
468 2.3855934e-13
469 2.3730882e-13
470 2.3607256e-13
471 2.3484813e-13
472 2.3364203e-13
473 2.324379e-13
474 2.3123443e-13
475 2.3004586e-13
476 2.2886867e-13
477 2.276961e-13
478 2.2653521e-13
479 2.25391e-13
480 2.2424762e-13
481 2.2311466e-13
482 2.2199265e-13
483 2.2087417e-13
484 2.1976704e-13
485 2.1867095e-13
486 2.1757424e-13
487 2.1649116e-13
488 2.1542084e-13
489 2.1435881e-13
490 2.1330647e-13
491 2.1224842e-13
492 2.1120563e-13
493 2.1017281e-13
494 2.0914806e-13
495 2.0812879e-13
496 2.0711816e-13
497 2.0611938e-13
498 2.0512466e-13
499 2.0414091e-13
500 2.031525e-13
501 2.0218202e-13
502 2.0121686e-13
503 2.0025798e-13
504 1.9931223e-13
505 1.9836425e-13
506 1.9743232e-13
507 1.9650083e-13
508 1.9557884e-13
509 1.9465704e-13
510 1.9374388e-13
511 1.9283908e-13
512 1.9194033e-13
513 1.9105216e-13
514 1.90169e-13
515 1.8929259e-13
516 1.8842528e-13
517 1.8756371e-13
518 1.866984e-13
519 1.858482e-13
520 1.8500394e-13
521 1.8416268e-13
522 1.8333745e-13
523 1.8250492e-13
524 1.8168269e-13
525 1.8086983e-13
526 1.8006026e-13
527 1.7925997e-13
528 1.7846029e-13
529 1.7767374e-13
530 1.7688175e-13
531 1.7610097e-13
532 1.7533242e-13
533 1.7455769e-13
534 1.7379622e-13
535 1.7303798e-13
536 1.7228428e-13
537 1.7153516e-13
538 1.7079676e-13
539 1.7005861e-13
540 1.693284e-13
541 1.6860058e-13
542 1.6787692e-13
543 1.6715747e-13
544 1.6644546e-13
545 1.6573694e-13
546 1.650336e-13
547 1.6433029e-13
548 1.6363472e-13
549 1.6294387e-13
550 1.6226226e-13
551 1.6158061e-13
552 1.6091094e-13
553 1.6023792e-13
554 1.5957135e-13
555 1.5890641e-13
556 1.5824978e-13
557 1.5759861e-13
558 1.5694786e-13
559 1.5630436e-13
560 1.5566572e-13
561 1.5503059e-13
562 1.5439837e-13
563 1.5376962e-13
564 1.5314878e-13
565 1.5252709e-13
566 1.5190962e-13
567 1.5130135e-13
568 1.5069145e-13
569 1.5009211e-13
570 1.4949163e-13
571 1.4889119e-13
572 1.483014e-13
573 1.477178e-13
574 1.471295e-13
575 1.4654804e-13
576 1.4597362e-13
577 1.4539871e-13
578 1.4482893e-13
579 1.4426548e-13
580 1.4370216e-13
581 1.4314298e-13
582 1.4258815e-13
583 1.4203612e-13
584 1.4148831e-13
585 1.409439e-13
586 1.4040427e-13
587 1.3986626e-13
588 1.3933581e-13
589 1.3880217e-13
590 1.3827776e-13
591 1.3775147e-13
592 1.3722797e-13
593 1.3671001e-13
594 1.3619435e-13
595 1.3568464e-13
596 1.3517854e-13
597 1.3467113e-13
598 1.3416905e-13
599 1.3366559e-13
600 1.3316827e-13
601 1.3267352e-13
602 1.321822e-13
603 1.3169562e-13
604 1.312098e-13
605 1.3072814e-13
606 1.3024825e-13
607 1.2977185e-13
608 1.2929739e-13
609 1.2882759e-13
610 1.2835765e-13
611 1.2789126e-13
612 1.2742671e-13
613 1.269677e-13
614 1.2651433e-13
615 1.2605973e-13
616 1.2560926e-13
617 1.2516012e-13
618 1.2471367e-13
619 1.2426611e-13
620 1.2382166e-13
621 1.233823e-13
622 1.2294596e-13
623 1.2251174e-13
624 1.2207877e-13
625 1.2165032e-13
626 1.2122246e-13
627 1.207976e-13
628 1.2037699e-13
629 1.1995756e-13
630 1.1954226e-13
631 1.1912863e-13
632 1.1871466e-13
633 1.1830305e-13
634 1.1789346e-13
635 1.1748725e-13
636 1.1708465e-13
637 1.1668426e-13
638 1.162853e-13
639 1.1588609e-13
640 1.1549054e-13
641 1.1509872e-13
642 1.1470986e-13
643 1.1432116e-13
644 1.1393348e-13
645 1.1355065e-13
646 1.1316958e-13
647 1.127878e-13
648 1.1241094e-13
649 1.1203471e-13
650 1.116591e-13
651 1.1128825e-13
652 1.1091826e-13
653 1.1054986e-13
654 1.1018397e-13
655 1.0981782e-13
656 1.0945824e-13
657 1.0909739e-13
658 1.0873892e-13
659 1.0838403e-13
660 1.0802859e-13
661 1.0767664e-13
662 1.0732583e-13
663 1.0697542e-13
664 1.0662711e-13
665 1.0628139e-13
666 1.0593681e-13
667 1.055965e-13
668 1.0525721e-13
669 1.0492021e-13
670 1.0458498e-13
671 1.0425024e-13
672 1.0391768e-13
673 1.0358653e-13
674 1.0325828e-13
675 1.0292812e-13
676 1.0260323e-13
677 1.0227969e-13
678 1.0195533e-13
679 1.0163364e-13
680 1.0131351e-13
681 1.0099444e-13
682 1.0067791e-13
683 1.0036225e-13
684 1.0005039e-13
685 9.9737255e-14
686 9.9426724e-14
687 9.9117386e-14
688 9.8810784e-14
689 9.8504375e-14
690 9.8200614e-14
691 9.7898021e-14
692 9.7597066e-14
693 9.7296556e-14
694 9.6998447e-14
695 9.6701107e-14
696 9.6404558e-14
697 9.6110746e-14
698 9.5817552e-14
699 9.5527912e-14
700 9.5238978e-14
701 9.4950738e-14
702 9.4662917e-14
703 9.4377782e-14
704 9.4092646e-14
705 9.381011e-14
706 9.3529326e-14
707 9.3248801e-14
708 9.2969933e-14
709 9.2693274e-14
710 9.2416581e-14
711 9.2141012e-14
712 9.1868565e-14
713 9.1595947e-14
714 9.132353e-14
715 9.1052762e-14
716 9.0784159e-14
717 9.0516495e-14
718 9.0250085e-14
719 8.9984745e-14
720 8.9722208e-14
721 8.9460205e-14
722 8.9198523e-14
723 8.8939716e-14
724 8.8679495e-14
725 8.8421853e-14
726 8.8166734e-14
727 8.7911163e-14
728 8.7657368e-14
729 8.7405283e-14
730 8.7153589e-14
731 8.6905098e-14
732 8.665729e-14
733 8.641026e-14
734 8.6163863e-14
735 8.5917367e-14
736 8.567489e-14
737 8.5431811e-14
738 8.518915e-14
739 8.4949584e-14
740 8.4709466e-14
741 8.4470575e-14
742 8.4233408e-14
743 8.3996811e-14
744 8.3761544e-14
745 8.3526957e-14
746 8.3292986e-14
747 8.3061526e-14
748 8.2831248e-14
749 8.2601467e-14
750 8.2371653e-14
751 8.2144074e-14
752 8.1915895e-14
753 8.1689236e-14
754 8.1463566e-14
755 8.1239479e-14
756 8.1016565e-14
757 8.0793784e-14
758 8.0573277e-14
759 8.0353684e-14
760 8.0134375e-14
761 7.9915121e-14
762 7.9698531e-14
763 7.9481675e-14
764 7.9266147e-14
765 7.9051098e-14
766 7.8838656e-14
767 7.8627358e-14
768 7.8416101e-14
769 7.8205493e-14
770 7.7996804e-14
771 7.7788529e-14
772 7.7580266e-14
773 7.7373384e-14
774 7.7167656e-14
775 7.69619e-14
776 7.6758489e-14
777 7.6556682e-14
778 7.6354905e-14
779 7.6154718e-14
780 7.5954423e-14
781 7.5755422e-14
782 7.5556599e-14
783 7.535786e-14
784 7.5161001e-14
785 7.4964502e-14
786 7.4770136e-14
787 7.4576016e-14
788 7.4382903e-14
789 7.4190379e-14
790 7.3998785e-14
791 7.3807302e-14
792 7.3617251e-14
793 7.3427853e-14
794 7.3240276e-14
795 7.3053129e-14
796 7.2866491e-14
797 7.2681846e-14
798 7.2496763e-14
799 7.2313034e-14
800 7.2130516e-14
801 7.1948515e-14
802 7.1767356e-14
803 7.1587681e-14
804 7.1407578e-14
805 7.1228659e-14
806 7.1050285e-14
807 7.0873715e-14
808 7.069707e-14
809 7.0521402e-14
810 7.0347383e-14
811 7.017404e-14
812 7.0000034e-14
813 6.9828678e-14
814 6.9657521e-14
815 6.9486936e-14
816 6.9315911e-14
817 6.9145217e-14
818 6.8977541e-14
819 6.8808856e-14
820 6.8641213e-14
821 6.847455e-14
822 6.8310394e-14
823 6.8144882e-14
824 6.7980359e-14
825 6.7815823e-14
826 6.7652828e-14
827 6.7490251e-14
828 6.7328037e-14
829 6.7166703e-14
830 6.700573e-14
831 6.6846457e-14
832 6.6687249e-14
833 6.6529073e-14
834 6.6372225e-14
835 6.6214933e-14
836 6.6058796e-14
837 6.5902719e-14
838 6.5748092e-14
839 6.5593684e-14
840 6.5439747e-14
841 6.5286801e-14
842 6.5134263e-14
843 6.4982895e-14
844 6.4831791e-14
845 6.4681438e-14
846 6.4531082e-14
847 6.4381954e-14
848 6.4232338e-14
849 6.4083915e-14
850 6.3936622e-14
851 6.3789508e-14
852 6.3643793e-14
853 6.3498195e-14
854 6.3353904e-14
855 6.3209832e-14
856 6.3066691e-14
857 6.2923965e-14
858 6.2781219e-14
859 6.2639192e-14
860 6.2497828e-14
861 6.235793e-14
862 6.2217976e-14
863 6.207792e-14
864 6.1938822e-14
865 6.1799986e-14
866 6.1661847e-14
867 6.1524414e-14
868 6.138737e-14
869 6.1250953e-14
870 6.1115333e-14
871 6.0979413e-14
872 6.0845441e-14
873 6.0710152e-14
874 6.0577727e-14
875 6.0444756e-14
876 6.0312292e-14
877 6.0180091e-14
878 6.0049001e-14
879 5.9918848e-14
880 5.9787458e-14
881 5.9657653e-14
882 5.9528196e-14
883 5.9400138e-14
884 5.927127e-14
885 5.9143634e-14
886 5.9016402e-14
887 5.8889748e-14
888 5.8763672e-14
889 5.8637851e-14
890 5.8512197e-14
891 5.8387536e-14
892 5.8262705e-14
893 5.8139054e-14
894 5.8015273e-14
895 5.789253e-14
896 5.7769851e-14
897 5.7647372e-14
898 5.7525784e-14
899 5.7404323e-14
900 5.7284089e-14
901 5.7163758e-14
902 5.7043957e-14
903 5.6924614e-14
904 5.6805373e-14
905 5.6686712e-14
906 5.6568693e-14
907 5.6450934e-14
908 5.6334057e-14
909 5.6216523e-14
910 5.6099391e-14
911 5.5983339e-14
912 5.5868071e-14
913 5.57527e-14
914 5.5637409e-14
915 5.5522614e-14
916 5.5408162e-14
917 5.5294132e-14
918 5.5180083e-14
919 5.5066572e-14
920 5.4953979e-14
921 5.4841477e-14
922 5.4729366e-14
923 5.4617524e-14
924 5.4506286e-14
925 5.4395583e-14
926 5.4284851e-14
927 5.4175096e-14
928 5.4064846e-14
929 5.3955627e-14
930 5.3846909e-14
931 5.3738554e-14
932 5.3630221e-14
933 5.3522098e-14
934 5.3415015e-14
935 5.3307819e-14
936 5.3201277e-14
937 5.3094395e-14
938 5.2987921e-14
939 5.2882283e-14
940 5.2776251e-14
941 5.2670972e-14
942 5.2566311e-14
943 5.2461678e-14
944 5.2357477e-14
945 5.2253826e-14
946 5.2150528e-14
947 5.2047328e-14
948 5.1944314e-14
949 5.1842468e-14
950 5.1740603e-14
951 5.1638743e-14
952 5.1537469e-14
953 5.1435728e-14
954 5.1334967e-14
955 5.1234386e-14
956 5.1134014e-14
957 5.1033852e-14
958 5.0934019e-14
959 5.0834857e-14
960 5.0735642e-14
961 5.0636734e-14
962 5.0538096e-14
963 5.0439982e-14
964 5.0341546e-14
965 5.0244234e-14
966 5.0146899e-14
967 5.0050444e-14
968 4.9953862e-14
969 4.9857556e-14
970 4.9761409e-14
971 4.9665714e-14
972 4.9570371e-14
973 4.9475233e-14
974 4.9380167e-14
975 4.9285933e-14
976 4.9191332e-14
977 4.9096935e-14
978 4.9003264e-14
979 4.8909823e-14
980 4.8816844e-14
981 4.8723569e-14
982 4.8630664e-14
983 4.8538173e-14
984 4.8445778e-14
985 4.8354061e-14
986 4.8262654e-14
987 4.8171281e-14
988 4.808014e-14
989 4.7988757e-14
990 4.7898253e-14
991 4.7808068e-14
992 4.7717353e-14
993 4.7627338e-14
994 4.7538006e-14
995 4.7448852e-14
996 4.7360012e-14
997 4.7271201e-14
998 4.7182122e-14
999 4.7093419e-14
1000 4.7005012e-14
1001 4.6916917e-14
1002 4.6828895e-14
1003 4.6741068e-14
1004 4.6653691e-14
1005 4.6566739e-14
1006 4.6479929e-14
1007 4.6393465e-14
1008 4.6306689e-14
1009 4.6220284e-14
1010 4.613445e-14
1011 4.6048776e-14
1012 4.5962974e-14
1013 4.5878004e-14
1014 4.5793231e-14
1015 4.5708543e-14
1016 4.5624203e-14
1017 4.5540012e-14
1018 4.5456197e-14
1019 4.5372739e-14
1020 4.5289197e-14
1021 4.520615e-14
1022 4.5123044e-14
1023 4.504035e-14
1024 4.495764e-14
1025 4.487511e-14
1026 4.4792928e-14
1027 4.4711258e-14
1028 4.4629533e-14
1029 4.4547904e-14
1030 4.446625e-14
1031 4.4385092e-14
1032 4.4303947e-14
1033 4.4223188e-14
1034 4.4142693e-14
1035 4.4062319e-14
1036 4.3982481e-14
1037 4.3902722e-14
1038 4.3823148e-14
1039 4.3743655e-14
1040 4.3664638e-14
1041 4.358601e-14
1042 4.3507153e-14
1043 4.3428773e-14
1044 4.3350535e-14
1045 4.327229e-14
1046 4.3194726e-14
1047 4.3117305e-14
1048 4.3039889e-14
1049 4.2963223e-14
1050 4.2886003e-14
1051 4.2809187e-14
1052 4.2732869e-14
1053 4.2656531e-14
1054 4.2580239e-14
1055 4.2504308e-14
1056 4.2428844e-14
1057 4.2353123e-14
1058 4.2277713e-14
1059 4.2202779e-14
1060 4.2128334e-14
1061 4.205375e-14
1062 4.1979331e-14
1063 4.1905253e-14
1064 4.1831492e-14
1065 4.1757868e-14
1066 4.1684489e-14
1067 4.1610957e-14
1068 4.153774e-14
1069 4.1464548e-14
1070 4.1392026e-14
1071 4.1319448e-14
1072 4.1247227e-14
1073 4.1175041e-14
1074 4.1103165e-14
1075 4.1031553e-14
1076 4.0959988e-14
1077 4.0888441e-14
1078 4.0817245e-14
1079 4.0746122e-14
1080 4.0675462e-14
1081 4.0604928e-14
1082 4.0534512e-14
1083 4.0464401e-14
1084 4.0394328e-14
1085 4.0324549e-14
1086 4.025504e-14
1087 4.0185667e-14
1088 4.0116184e-14
1089 4.0047274e-14
1090 3.9978547e-14
1091 3.9909965e-14
1092 3.9841491e-14
1093 3.9773368e-14
1094 3.9705671e-14
1095 3.9638024e-14
1096 3.9570503e-14
1097 3.9502888e-14
1098 3.9435652e-14
1099 3.9368376e-14
1100 3.9301554e-14
1101 3.9235022e-14
1102 3.9168285e-14
1103 3.9102091e-14
1104 3.903596e-14
1105 3.8969997e-14
1106 3.8904336e-14
1107 3.8838962e-14
1108 3.8773562e-14
1109 3.8708349e-14
1110 3.8643525e-14
1111 3.8579118e-14
1112 3.8514533e-14
1113 3.8450363e-14
1114 3.8386687e-14
1115 3.8322644e-14
1116 3.8258778e-14
1117 3.8195559e-14
1118 3.8132165e-14
1119 3.8069005e-14
1120 3.8005869e-14
1121 3.7942946e-14
1122 3.7880206e-14
1123 3.7817599e-14
1124 3.7755153e-14
1125 3.7693197e-14
1126 3.7631152e-14
1127 3.7569525e-14
1128 3.7508306e-14
1129 3.7446921e-14
1130 3.7385505e-14
1131 3.7324562e-14
1132 3.726356e-14
1133 3.7202932e-14
1134 3.7142527e-14
1135 3.7082334e-14
1136 3.7022455e-14
1137 3.6962722e-14
1138 3.6902782e-14
1139 3.6843338e-14
1140 3.6784158e-14
1141 3.6724967e-14
1142 3.666631e-14
1143 3.6607596e-14
1144 3.6548627e-14
1145 3.6490405e-14
1146 3.643192e-14
1147 3.6373774e-14
1148 3.6316117e-14
1149 3.62586e-14
1150 3.6200962e-14
1151 3.614358e-14
1152 3.6086547e-14
1153 3.6029326e-14
1154 3.5972462e-14
1155 3.5915613e-14
1156 3.5858856e-14
1157 3.5802549e-14
1158 3.5746523e-14
1159 3.5690518e-14
1160 3.5634742e-14
1161 3.5579157e-14
1162 3.5523712e-14
1163 3.5468425e-14
1164 3.5413267e-14
1165 3.535818e-14
1166 3.5303096e-14
1167 3.524832e-14
1168 3.5193755e-14
1169 3.5139243e-14
1170 3.5084841e-14
1171 3.5030709e-14
1172 3.4976519e-14
1173 3.4922473e-14
1174 3.4868684e-14
1175 3.4815175e-14
1176 3.4761709e-14
1177 3.4708715e-14
1178 3.4655638e-14
1179 3.4602659e-14
1180 3.4549856e-14
1181 3.4497253e-14
1182 3.4444899e-14
1183 3.4392877e-14
1184 3.4340387e-14
1185 3.4288161e-14
1186 3.4236194e-14
1187 3.418458e-14
1188 3.4132968e-14
1189 3.4081503e-14
1190 3.4030197e-14
1191 3.3979285e-14
1192 3.3928054e-14
1193 3.3877083e-14
1194 3.3826237e-14
1195 3.3775633e-14
1196 3.3725106e-14
1197 3.3674266e-14
1198 3.3624139e-14
1199 3.3573876e-14
1200 3.3524083e-14
1201 3.3474137e-14
1202 3.3424469e-14
1203 3.3374679e-14
1204 3.3325353e-14
1205 3.3276068e-14
1206 3.3226998e-14
1207 3.31779e-14
1208 3.3128962e-14
1209 3.3080263e-14
1210 3.3031559e-14
1211 3.2983006e-14
1212 3.2934555e-14
1213 3.2886105e-14
1214 3.2837927e-14
1215 3.2789925e-14
1216 3.2741805e-14
1217 3.2693911e-14
1218 3.2646132e-14
1219 3.2598487e-14
1220 3.2551005e-14
1221 3.2503588e-14
1222 3.2456379e-14
1223 3.2409205e-14
1224 3.2362097e-14
1225 3.2315106e-14
1226 3.2268499e-14
1227 3.222176e-14
1228 3.2175162e-14
1229 3.2128637e-14
1230 3.2082176e-14
1231 3.2035702e-14
1232 3.19895e-14
1233 3.1943525e-14
1234 3.1897481e-14
1235 3.185165e-14
1236 3.1805934e-14
1237 3.1760312e-14
1238 3.1714844e-14
1239 3.1669489e-14
1240 3.1624104e-14
1241 3.1579053e-14
1242 3.1534098e-14
1243 3.1489248e-14
1244 3.1444611e-14
1245 3.1399869e-14
1246 3.135507e-14
1247 3.1310238e-14
1248 3.12657e-14
1249 3.1221275e-14
1250 3.1177035e-14
1251 3.1132787e-14
1252 3.1088468e-14
1253 3.1044462e-14
1254 3.1000565e-14
1255 3.0956686e-14
1256 3.0912742e-14
1257 3.0869291e-14
1258 3.0825774e-14
1259 3.078228e-14
1260 3.0738733e-14
1261 3.0695469e-14
1262 3.0652322e-14
1263 3.0609166e-14
1264 3.0566321e-14
1265 3.0523233e-14
1266 3.0480335e-14
1267 3.0437621e-14
1268 3.0395045e-14
1269 3.0352425e-14
1270 3.0309832e-14
1271 3.0267296e-14
1272 3.0224724e-14
1273 3.0182448e-14
1274 3.0140247e-14
1275 3.0098125e-14
1276 3.0056123e-14
1277 3.0014243e-14
1278 2.9972417e-14
1279 2.9930444e-14
1280 2.9888887e-14
1281 2.9847128e-14
1282 2.9805574e-14
1283 2.9764036e-14
1284 2.9722722e-14
1285 2.9681383e-14
1286 2.9640077e-14
1287 2.9598951e-14
1288 2.9557941e-14
1289 2.951691e-14
1290 2.9475895e-14
1291 2.9435117e-14
1292 2.9394282e-14
1293 2.9353561e-14
1294 2.9312837e-14
1295 2.9272289e-14
1296 2.9231807e-14
1297 2.9191412e-14
1298 2.9151141e-14
1299 2.9110842e-14
1300 2.9070683e-14
1301 2.9030507e-14
1302 2.8990414e-14
1303 2.895035e-14
1304 2.8910457e-14
1305 2.887064e-14
1306 2.8830757e-14
1307 2.8790992e-14
1308 2.8751424e-14
1309 2.871173e-14
1310 2.8672188e-14
1311 2.8632857e-14
1312 2.85935e-14
1313 2.8554177e-14
1314 2.8514943e-14
1315 2.8475858e-14
1316 2.8436894e-14
1317 2.8397789e-14
1318 2.8358871e-14
1319 2.8320029e-14
1320 2.8281222e-14
1321 2.8242485e-14
1322 2.8204024e-14
1323 2.816545e-14
1324 2.8126985e-14
1325 2.8088489e-14
1326 2.8050022e-14
1327 2.8011715e-14
1328 2.7973562e-14
1329 2.7935349e-14
1330 2.7897174e-14
1331 2.7859152e-14
1332 2.7821107e-14
1333 2.7783106e-14
1334 2.7745284e-14
1335 2.7707418e-14
1336 2.7669714e-14
1337 2.7632188e-14
1338 2.7594643e-14
1339 2.7557091e-14
1340 2.7519629e-14
1341 2.7482063e-14
1342 2.7444699e-14
1343 2.7407395e-14
1344 2.7370184e-14
1345 2.733315e-14
1346 2.7296213e-14
1347 2.7259255e-14
1348 2.7222161e-14
1349 2.7185361e-14
1350 2.7148585e-14
1351 2.7111907e-14
1352 2.707523e-14
1353 2.703865e-14
1354 2.7002169e-14
1355 2.6965806e-14
1356 2.6929497e-14
1357 2.6893188e-14
1358 2.6856865e-14
1359 2.6820758e-14
1360 2.6784597e-14
1361 2.6748497e-14
1362 2.6712537e-14
1363 2.66766e-14
1364 2.6640735e-14
1365 2.6604812e-14
1366 2.6569086e-14
1367 2.6533445e-14
1368 2.6497895e-14
1369 2.6462454e-14
1370 2.6427005e-14
1371 2.639173e-14
1372 2.6356261e-14
1373 2.6320938e-14
1374 2.6285618e-14
1375 2.6250611e-14
1376 2.6215427e-14
1377 2.6180361e-14
1378 2.6145465e-14
1379 2.6110654e-14
1380 2.6076009e-14
1381 2.6041249e-14
1382 2.6006634e-14
1383 2.5972074e-14
1384 2.5937634e-14
1385 2.5903125e-14
1386 2.5868713e-14
1387 2.5834291e-14
1388 2.5800106e-14
1389 2.5765875e-14
1390 2.5731719e-14
1391 2.5697675e-14
1392 2.5663691e-14
1393 2.5629678e-14
1394 2.5595867e-14
1395 2.5562028e-14
1396 2.5528324e-14
1397 2.5494644e-14
1398 2.5461097e-14
1399 2.5427703e-14
1400 2.5394376e-14
1401 2.5360929e-14
1402 2.5327575e-14
1403 2.529444e-14
1404 2.5261234e-14
1405 2.5228177e-14
1406 2.5195169e-14
1407 2.5162127e-14
1408 2.5129182e-14
1409 2.509642e-14
1410 2.506356e-14
1411 2.5030814e-14
1412 2.4998166e-14
1413 2.496564e-14
1414 2.4933303e-14
1415 2.4900749e-14
1416 2.4868397e-14
1417 2.4836067e-14
1418 2.4803772e-14
1419 2.4771648e-14
1420 2.4739584e-14
1421 2.470753e-14
1422 2.4675693e-14
1423 2.4643881e-14
1424 2.4612088e-14
1425 2.4580404e-14
1426 2.4548804e-14
1427 2.4517247e-14
1428 2.4485834e-14
1429 2.4454307e-14
1430 2.4422937e-14
1431 2.4391626e-14
1432 2.4360367e-14
1433 2.432918e-14
1434 2.4298016e-14
1435 2.4266996e-14
1436 2.4236091e-14
1437 2.4205206e-14
1438 2.4174344e-14
1439 2.4143645e-14
1440 2.4113039e-14
1441 2.4082356e-14
1442 2.4051787e-14
1443 2.4021308e-14
1444 2.3990904e-14
1445 2.396066e-14
1446 2.3930458e-14
1447 2.3900238e-14
1448 2.3870085e-14
1449 2.3839963e-14
1450 2.3809976e-14
1451 2.3780117e-14
1452 2.3750194e-14
1453 2.3720515e-14
1454 2.3690772e-14
1455 2.3661148e-14
1456 2.3631522e-14
1457 2.3602092e-14
1458 2.3572565e-14
1459 2.3543138e-14
1460 2.3513748e-14
1461 2.3484528e-14
1462 2.3455347e-14
1463 2.3426251e-14
1464 2.3397234e-14
1465 2.3368273e-14
1466 2.3339265e-14
1467 2.3310307e-14
1468 2.3281587e-14
1469 2.3252799e-14
1470 2.3224032e-14
1471 2.3195436e-14
1472 2.3166821e-14
1473 2.3138344e-14
1474 2.3109962e-14
1475 2.3081573e-14
1476 2.3053166e-14
1477 2.3024843e-14
1478 2.2996644e-14
1479 2.2968525e-14
1480 2.2940463e-14
1481 2.2912581e-14
1482 2.2884616e-14
1483 2.2856722e-14
1484 2.2828867e-14
1485 2.2801152e-14
1486 2.2773495e-14
1487 2.2745781e-14
1488 2.2718213e-14
1489 2.2690735e-14
1490 2.2663328e-14
1491 2.2635949e-14
1492 2.2608646e-14
1493 2.2581327e-14
1494 2.2554101e-14
1495 2.2526943e-14
1496 2.2499854e-14
1497 2.2472787e-14
1498 2.244572e-14
1499 2.2418827e-14
1500 2.2391911e-14
1501 2.2365142e-14
1502 2.2338469e-14
1503 2.2311772e-14
1504 2.2285085e-14
1505 2.2258484e-14
1506 2.223188e-14
1507 2.2205352e-14
1508 2.2178955e-14
1509 2.2152538e-14
1510 2.2126201e-14
1511 2.2099979e-14
1512 2.2073691e-14
1513 2.2047481e-14
1514 2.2021387e-14
1515 2.199528e-14
1516 2.1969233e-14
1517 2.1943306e-14
1518 2.1917292e-14
1519 2.1891428e-14
1520 2.1865572e-14
1521 2.1839784e-14
1522 2.1814092e-14
1523 2.178835e-14
1524 2.1762711e-14
1525 2.1737066e-14
1526 2.1711545e-14
1527 2.1685969e-14
1528 2.1660504e-14
1529 2.1635104e-14
1530 2.1609768e-14
1531 2.1584476e-14
1532 2.155926e-14
1533 2.1533922e-14
1534 2.1508732e-14
1535 2.1483622e-14
1536 2.1458546e-14
1537 2.1433441e-14
1538 2.1408401e-14
1539 2.138348e-14
1540 2.1358561e-14
1541 2.1333647e-14
1542 2.1308832e-14
1543 2.1284086e-14
1544 2.1259304e-14
1545 2.1234577e-14
1546 2.1209879e-14
1547 2.1185239e-14
1548 2.1160632e-14
1549 2.1136152e-14
1550 2.1111587e-14
1551 2.1087139e-14
1552 2.1062622e-14
1553 2.1038247e-14
1554 2.1013818e-14
1555 2.0989463e-14
1556 2.0965188e-14
1557 2.0940946e-14
1558 2.0916743e-14
1559 2.0892594e-14
1560 2.086843e-14
1561 2.0844424e-14
1562 2.082035e-14
1563 2.0796315e-14
1564 2.0772343e-14
1565 2.074839e-14
1566 2.0724505e-14
1567 2.0700646e-14
1568 2.067681e-14
1569 2.0653025e-14
1570 2.0629181e-14
1571 2.0605483e-14
1572 2.0581847e-14
1573 2.0558112e-14
1574 2.053451e-14
1575 2.0510922e-14
1576 2.0487368e-14
1577 2.0463839e-14
1578 2.0440323e-14
1579 2.0416866e-14
1580 2.0393424e-14
1581 2.0370033e-14
1582 2.0346696e-14
1583 2.0323414e-14
1584 2.0300079e-14
1585 2.0276791e-14
1586 2.0253542e-14
1587 2.0230302e-14
1588 2.020714e-14
1589 2.0184033e-14
1590 2.0160967e-14
1591 2.0137875e-14
1592 2.0114842e-14
1593 2.0091743e-14
1594 2.0068679e-14
1595 2.0045677e-14
1596 2.0022741e-14
1597 1.9999858e-14
1598 1.9976911e-14
1599 1.9954059e-14
1600 1.9931209e-14
1601 1.9908404e-14
1602 1.9885569e-14
1603 1.9862827e-14
1604 1.9840103e-14
1605 1.981746e-14
1606 1.9794828e-14
1607 1.9772181e-14
1608 1.9749562e-14
1609 1.9726946e-14
1610 1.9704405e-14
1611 1.9681864e-14
1612 1.9659426e-14
1613 1.9636994e-14
1614 1.9614543e-14
1615 1.9592102e-14
1616 1.9569714e-14
1617 1.9547337e-14
1618 1.9525062e-14
1619 1.9502743e-14
1620 1.9480439e-14
1621 1.9458183e-14
1622 1.9435927e-14
1623 1.9413765e-14
1624 1.9391605e-14
1625 1.9369443e-14
1626 1.9347345e-14
1627 1.9325323e-14
1628 1.9303215e-14
1629 1.9281148e-14
1630 1.9259188e-14
1631 1.9237179e-14
1632 1.921523e-14
1633 1.9193297e-14
1634 1.9171431e-14
1635 1.9149564e-14
1636 1.9127751e-14
1637 1.9105887e-14
1638 1.9084107e-14
1639 1.9062417e-14
1640 1.9040711e-14
1641 1.9019024e-14
1642 1.899741e-14
1643 1.8975718e-14
1644 1.8954084e-14
1645 1.8932508e-14
1646 1.8910905e-14
1647 1.8889312e-14
1648 1.8867804e-14
1649 1.8846348e-14
1650 1.8824924e-14
1651 1.8803525e-14
1652 1.8782103e-14
1653 1.8760753e-14
1654 1.8739423e-14
1655 1.871804e-14
1656 1.8696758e-14
1657 1.8675479e-14
1658 1.8654329e-14
1659 1.8633167e-14
1660 1.8611973e-14
1661 1.8590808e-14
1662 1.856963e-14
1663 1.8548548e-14
1664 1.8527433e-14
1665 1.8506396e-14
1666 1.8485415e-14
1667 1.8464471e-14
1668 1.8443497e-14
1669 1.8422558e-14
1670 1.8401614e-14
1671 1.8380709e-14
1672 1.835984e-14
1673 1.8339028e-14
1674 1.8318228e-14
1675 1.8297553e-14
1676 1.8276835e-14
1677 1.8256151e-14
1678 1.8235496e-14
1679 1.8214867e-14
1680 1.8194263e-14
1681 1.8173675e-14
1682 1.8153094e-14
1683 1.8132565e-14
1684 1.8112121e-14
1685 1.809166e-14
1686 1.8071322e-14
1687 1.8050972e-14
1688 1.8030625e-14
1689 1.8010333e-14
1690 1.7990039e-14
1691 1.7969785e-14
1692 1.7949532e-14
1693 1.792938e-14
1694 1.7909212e-14
1695 1.7889097e-14
1696 1.7869049e-14
1697 1.784899e-14
1698 1.7828975e-14
1699 1.7808952e-14
1700 1.7789013e-14
1701 1.7769104e-14
1702 1.7749174e-14
1703 1.7729294e-14
1704 1.7709494e-14
1705 1.7689702e-14
1706 1.7669887e-14
1707 1.7650178e-14
1708 1.7630485e-14
1709 1.7610836e-14
1710 1.7591246e-14
1711 1.7571627e-14
1712 1.7552121e-14
1713 1.7532653e-14
1714 1.7513188e-14
1715 1.7493717e-14
1716 1.7474341e-14
1717 1.7454955e-14
1718 1.7435596e-14
1719 1.741629e-14
1720 1.7396986e-14
1721 1.7377753e-14
1722 1.735857e-14
1723 1.7339398e-14
1724 1.7320241e-14
1725 1.7301141e-14
1726 1.7282015e-14
1727 1.7263022e-14
1728 1.724407e-14
1729 1.7225119e-14
1730 1.7206164e-14
1731 1.7187325e-14
1732 1.7168469e-14
1733 1.7149638e-14
1734 1.7130868e-14
1735 1.7112138e-14
1736 1.7093442e-14
1737 1.7074796e-14
1738 1.705617e-14
1739 1.7037605e-14
1740 1.7019044e-14
1741 1.7000521e-14
1742 1.698207e-14
1743 1.6963634e-14
1744 1.6945229e-14
1745 1.692685e-14
1746 1.6908529e-14
1747 1.6890263e-14
1748 1.6872e-14
1749 1.6853793e-14
1750 1.6835605e-14
1751 1.6817461e-14
1752 1.6799345e-14
1753 1.6781262e-14
1754 1.6763207e-14
1755 1.674523e-14
1756 1.6727244e-14
1757 1.6709331e-14
1758 1.6691469e-14
1759 1.6673594e-14
1760 1.6655802e-14
1761 1.6638024e-14
1762 1.6620276e-14
1763 1.6602591e-14
1764 1.6584905e-14
1765 1.6567283e-14
1766 1.6549704e-14
1767 1.6532192e-14
1768 1.6514708e-14
1769 1.6497239e-14
1770 1.6479766e-14
1771 1.6462358e-14
1772 1.6444987e-14
1773 1.6427644e-14
1774 1.641035e-14
1775 1.6393088e-14
1776 1.6375881e-14
1777 1.6358692e-14
1778 1.6341582e-14
1779 1.6324476e-14
1780 1.6307392e-14
1781 1.6290345e-14
1782 1.6273307e-14
1783 1.6256346e-14
1784 1.6239445e-14
1785 1.6222582e-14
1786 1.6205705e-14
1787 1.6188883e-14
1788 1.6172109e-14
1789 1.6155354e-14
1790 1.6138634e-14
1791 1.6121957e-14
1792 1.6105319e-14
1793 1.6088694e-14
1794 1.6072199e-14
1795 1.6055671e-14
1796 1.603919e-14
1797 1.6022739e-14
1798 1.600632e-14
1799 1.5989927e-14
1800 1.5973592e-14
1801 1.5957276e-14
1802 1.5941022e-14
1803 1.5924757e-14
1804 1.5908532e-14
1805 1.5892315e-14
1806 1.5876149e-14
1807 1.5860058e-14
1808 1.5843971e-14
1809 1.5827932e-14
1810 1.5811927e-14
1811 1.5795928e-14
1812 1.577994e-14
1813 1.5764029e-14
1814 1.5748095e-14
1815 1.5732187e-14
1816 1.5716359e-14
1817 1.5700556e-14
1818 1.5684814e-14
1819 1.5669044e-14
1820 1.5653311e-14
1821 1.5637645e-14
1822 1.562201e-14
1823 1.5606425e-14
1824 1.5590848e-14
1825 1.5575278e-14
1826 1.5559726e-14
1827 1.5544235e-14
1828 1.5528774e-14
1829 1.5513384e-14
1830 1.5497987e-14
1831 1.5482608e-14
1832 1.5467287e-14
1833 1.5451959e-14
1834 1.5436695e-14
1835 1.5421465e-14
1836 1.5406266e-14
1837 1.539109e-14
1838 1.537595e-14
1839 1.5360833e-14
1840 1.5345733e-14
1841 1.533063e-14
1842 1.5315565e-14
1843 1.5300516e-14
1844 1.5285524e-14
1845 1.5270561e-14
1846 1.5255633e-14
1847 1.5240701e-14
1848 1.5225822e-14
1849 1.5210973e-14
1850 1.5196133e-14
1851 1.5181361e-14
1852 1.5166611e-14
1853 1.5151891e-14
1854 1.5137164e-14
1855 1.512247e-14
1856 1.5107795e-14
1857 1.5093188e-14
1858 1.5078546e-14
1859 1.5063936e-14
1860 1.5049361e-14
1861 1.5034867e-14
1862 1.5020304e-14
1863 1.5005802e-14
1864 1.4991357e-14
1865 1.497692e-14
1866 1.4962479e-14
1867 1.4948073e-14
1868 1.4933675e-14
1869 1.4919309e-14
1870 1.4905013e-14
1871 1.4890686e-14
1872 1.4876366e-14
1873 1.486212e-14
1874 1.4847885e-14
1875 1.4833675e-14
1876 1.4819477e-14
1877 1.4805305e-14
1878 1.4791153e-14
1879 1.4777029e-14
1880 1.4762933e-14
1881 1.474883e-14
1882 1.4734761e-14
1883 1.4720718e-14
1884 1.4706689e-14
1885 1.4692689e-14
1886 1.4678696e-14
1887 1.4664717e-14
1888 1.4650812e-14
1889 1.4636893e-14
1890 1.4622972e-14
1891 1.4609059e-14
1892 1.4595238e-14
1893 1.4581399e-14
1894 1.4567565e-14
1895 1.4553781e-14
1896 1.4539989e-14
1897 1.4526221e-14
1898 1.4512433e-14
1899 1.4498735e-14
1900 1.4485024e-14
1901 1.4471346e-14
1902 1.4457694e-14
1903 1.4444065e-14
1904 1.4430415e-14
1905 1.4416785e-14
1906 1.4403188e-14
1907 1.4389623e-14
1908 1.4376033e-14
1909 1.4362468e-14
1910 1.4348956e-14
1911 1.4335441e-14
1912 1.4321912e-14
1913 1.4308443e-14
1914 1.4294995e-14
1915 1.4281548e-14
1916 1.4268111e-14
1917 1.4254678e-14
1918 1.4241305e-14
1919 1.4227923e-14
1920 1.4214566e-14
1921 1.4201167e-14
1922 1.4187828e-14
1923 1.4174525e-14
1924 1.4161222e-14
1925 1.4147942e-14
1926 1.4134693e-14
1927 1.4121408e-14
1928 1.410815e-14
1929 1.4094901e-14
1930 1.408169e-14
1931 1.4068509e-14
1932 1.4055331e-14
1933 1.4042159e-14
1934 1.4029019e-14
1935 1.4015884e-14
1936 1.4002772e-14
1937 1.3989682e-14
1938 1.3976595e-14
1939 1.3963542e-14
1940 1.3950492e-14
1941 1.3937464e-14
1942 1.3924436e-14
1943 1.3911427e-14
1944 1.3898447e-14
1945 1.3885483e-14
1946 1.3872502e-14
1947 1.3859557e-14
1948 1.3846632e-14
1949 1.3833711e-14
1950 1.3820774e-14
1951 1.3807857e-14
1952 1.3794983e-14
1953 1.3782156e-14
1954 1.3769297e-14
1955 1.3756442e-14
1956 1.3743625e-14
1957 1.3730809e-14
1958 1.3718029e-14
1959 1.3705256e-14
1960 1.3692508e-14
1961 1.3679754e-14
1962 1.3667038e-14
1963 1.3654315e-14
1964 1.364163e-14
1965 1.3628923e-14
1966 1.3616255e-14
1967 1.3603582e-14
1968 1.3590932e-14
1969 1.357833e-14
1970 1.3565724e-14
1971 1.3553116e-14
1972 1.3540506e-14
1973 1.3527964e-14
1974 1.3515407e-14
1975 1.3502887e-14
1976 1.3490367e-14
1977 1.3477855e-14
1978 1.3465352e-14
1979 1.3452873e-14
1980 1.3440412e-14
1981 1.3427951e-14
1982 1.3415524e-14
1983 1.3403113e-14
1984 1.3390659e-14
1985 1.3378258e-14
1986 1.336591e-14
1987 1.3353553e-14
1988 1.3341197e-14
1989 1.3328875e-14
1990 1.3316582e-14
1991 1.3304296e-14
1992 1.3292007e-14
1993 1.3279749e-14
1994 1.3267505e-14
1995 1.3255289e-14
1996 1.3243117e-14
1997 1.3230927e-14
1998 1.3218745e-14
1999 1.3206591e-14
2000 1.3194414e-14
2001 1.318231e-14
2002 1.3170215e-14
2003 1.3158135e-14
2004 1.3146045e-14
2005 1.3133986e-14
2006 1.3121934e-14
2007 1.3109923e-14
2008 1.3097917e-14
2009 1.3085947e-14
2010 1.3073967e-14
2011 1.3062017e-14
2012 1.3050078e-14
2013 1.3038143e-14
2014 1.3026271e-14
2015 1.3014395e-14
2016 1.3002545e-14
2017 1.2990704e-14
2018 1.2978866e-14
2019 1.2967057e-14
2020 1.295527e-14
2021 1.2943494e-14
2022 1.2931734e-14
2023 1.2920021e-14
2024 1.2908327e-14
2025 1.2896629e-14
2026 1.2884973e-14
2027 1.2873306e-14
2028 1.2861669e-14
2029 1.2850045e-14
2030 1.2838461e-14
2031 1.2826857e-14
2032 1.2815301e-14
2033 1.2803753e-14
2034 1.2792226e-14
2035 1.2780721e-14
2036 1.2769251e-14
2037 1.2757784e-14
2038 1.274633e-14
2039 1.2734908e-14
2040 1.2723498e-14
2041 1.2712124e-14
2042 1.270074e-14
2043 1.2689422e-14
2044 1.2678124e-14
2045 1.2666815e-14
2046 1.2655523e-14
2047 1.264426e-14
2048 1.2633015e-14
2049 1.2621793e-14
2050 1.2610595e-14
2051 1.25994e-14
2052 1.2588261e-14
2053 1.2577129e-14
2054 1.2566012e-14
2055 1.255492e-14
2056 1.2543841e-14
2057 1.2532771e-14
2058 1.2521732e-14
2059 1.2510704e-14
2060 1.2499715e-14
2061 1.2488714e-14
2062 1.2477752e-14
2063 1.2466811e-14
2064 1.245589e-14
2065 1.2445e-14
2066 1.2434108e-14
2067 1.2423279e-14
2068 1.2412446e-14
2069 1.2401666e-14
2070 1.239088e-14
2071 1.2380097e-14
2072 1.2369339e-14
2073 1.2358608e-14
2074 1.2347906e-14
2075 1.2337216e-14
2076 1.2326565e-14
2077 1.2315929e-14
2078 1.23053e-14
2079 1.2294714e-14
2080 1.2284119e-14
2081 1.2273532e-14
2082 1.2262982e-14
2083 1.2252449e-14
2084 1.2241923e-14
2085 1.2231446e-14
2086 1.2220986e-14
2087 1.2210564e-14
2088 1.220013e-14
2089 1.2189747e-14
2090 1.2179395e-14
2091 1.2169067e-14
2092 1.2158716e-14
2093 1.2148408e-14
2094 1.2138104e-14
2095 1.2127826e-14
2096 1.2117566e-14
2097 1.2107328e-14
2098 1.2097097e-14
2099 1.20869e-14
2100 1.2076725e-14
2101 1.2066586e-14
2102 1.2056442e-14
2103 1.2046329e-14
2104 1.2036248e-14
2105 1.2026166e-14
2106 1.2016105e-14
2107 1.2006078e-14
2108 1.199608e-14
2109 1.1986099e-14
2110 1.1976126e-14
2111 1.1966157e-14
2112 1.1956226e-14
2113 1.1946314e-14
2114 1.1936426e-14
2115 1.1926565e-14
2116 1.1916715e-14
2117 1.1906895e-14
2118 1.1897063e-14
2119 1.1887288e-14
2120 1.1877517e-14
2121 1.1867764e-14
2122 1.1858028e-14
2123 1.1848328e-14
2124 1.1838641e-14
2125 1.1828968e-14
2126 1.1819283e-14
2127 1.1809628e-14
2128 1.1799993e-14
2129 1.1790383e-14
2130 1.1780786e-14
2131 1.1771228e-14
2132 1.1761681e-14
2133 1.1752144e-14
2134 1.1742621e-14
2135 1.1733111e-14
2136 1.1723598e-14
2137 1.1714158e-14
2138 1.1704714e-14
2139 1.1695282e-14
2140 1.1685878e-14
2141 1.1676481e-14
2142 1.166708e-14
2143 1.1657716e-14
2144 1.1648371e-14
2145 1.1639035e-14
2146 1.1629726e-14
2147 1.1620435e-14
2148 1.161115e-14
2149 1.160189e-14
2150 1.1592651e-14
2151 1.1583409e-14
2152 1.1574194e-14
2153 1.1564995e-14
2154 1.155581e-14
2155 1.1546647e-14
2156 1.1537504e-14
2157 1.1528371e-14
2158 1.1519238e-14
2159 1.1510126e-14
2160 1.1501042e-14
2161 1.1491988e-14
2162 1.1482914e-14
2163 1.1473879e-14
2164 1.1464862e-14
2165 1.1455858e-14
2166 1.1446848e-14
2167 1.1437875e-14
2168 1.1428895e-14
2169 1.1419919e-14
2170 1.1410981e-14
2171 1.1402037e-14
2172 1.1393123e-14
2173 1.1384222e-14
2174 1.1375339e-14
2175 1.1366462e-14
2176 1.1357602e-14
2177 1.1348773e-14
2178 1.1339926e-14
2179 1.1331075e-14
2180 1.1322283e-14
2181 1.1313469e-14
2182 1.1304685e-14
2183 1.1295919e-14
2184 1.1287171e-14
2185 1.1278417e-14
2186 1.1269688e-14
2187 1.1260973e-14
2188 1.1252267e-14
2189 1.1243571e-14
2190 1.1234889e-14
2191 1.1226224e-14
2192 1.1217553e-14
2193 1.1208896e-14
2194 1.1200253e-14
2195 1.1191637e-14
2196 1.1183024e-14
2197 1.1174433e-14
2198 1.1165846e-14
2199 1.1157268e-14
2200 1.1148703e-14
2201 1.1140138e-14
2202 1.1131601e-14
2203 1.1123075e-14
2204 1.1114554e-14
2205 1.1106045e-14
2206 1.1097544e-14
2207 1.1089047e-14
2208 1.1080557e-14
2209 1.107209e-14
2210 1.1063624e-14
2211 1.1055168e-14
2212 1.1046739e-14
2213 1.1038313e-14
2214 1.1029893e-14
2215 1.1021483e-14
2216 1.1013088e-14
2217 1.100468e-14
2218 1.0996296e-14
2219 1.0987936e-14
2220 1.0979555e-14
2221 1.097119e-14
2222 1.0962845e-14
2223 1.0954517e-14
2224 1.0946196e-14
2225 1.093788e-14
2226 1.0929562e-14
2227 1.0921266e-14
2228 1.091298e-14
2229 1.0904688e-14
2230 1.0896404e-14
2231 1.0888148e-14
2232 1.0879884e-14
2233 1.087164e-14
2234 1.0863401e-14
2235 1.0855165e-14
2236 1.0846926e-14
2237 1.0838716e-14
2238 1.0830499e-14
2239 1.0822312e-14
2240 1.0814113e-14
2241 1.0805927e-14
2242 1.0797752e-14
2243 1.0789592e-14
2244 1.0781425e-14
2245 1.0773268e-14
2246 1.0765102e-14
2247 1.0756955e-14
2248 1.074882e-14
2249 1.0740718e-14
2250 1.0732604e-14
2251 1.0724498e-14
2252 1.0716389e-14
2253 1.0708292e-14
2254 1.0700206e-14
2255 1.0692127e-14
2256 1.0684054e-14
2257 1.0675996e-14
2258 1.0667944e-14
2259 1.0659874e-14
2260 1.065183e-14
2261 1.0643788e-14
2262 1.0635753e-14
2263 1.0627731e-14
2264 1.0619723e-14
2265 1.0611713e-14
2266 1.060372e-14
2267 1.0595724e-14
2268 1.0587741e-14
2269 1.0579769e-14
2270 1.0571788e-14
2271 1.0563834e-14
2272 1.0555887e-14
2273 1.054794e-14
2274 1.054001e-14
2275 1.0532071e-14
2276 1.0524147e-14
2277 1.0516249e-14
2278 1.050836e-14
2279 1.050047e-14
2280 1.0492585e-14
2281 1.0484698e-14
2282 1.0476812e-14
2283 1.0468943e-14
2284 1.0461087e-14
2285 1.0453245e-14
2286 1.0445407e-14
2287 1.0437592e-14
2288 1.0429774e-14
2289 1.0421962e-14
2290 1.041415e-14
2291 1.0406347e-14
2292 1.0398561e-14
2293 1.039078e-14
2294 1.0383004e-14
2295 1.0375248e-14
2296 1.0367494e-14
2297 1.0359744e-14
2298 1.0352002e-14
2299 1.0344267e-14
2300 1.0336556e-14
2301 1.0328842e-14
2302 1.032114e-14
2303 1.0313444e-14
2304 1.0305759e-14
2305 1.029809e-14
2306 1.0290431e-14
2307 1.0282786e-14
2308 1.0275127e-14
2309 1.0267492e-14
2310 1.0259876e-14
2311 1.0252272e-14
2312 1.0244657e-14
2313 1.0237063e-14
2314 1.0229485e-14
2315 1.0221903e-14
2316 1.0214348e-14
2317 1.0206797e-14
2318 1.0199269e-14
2319 1.0191743e-14
2320 1.0184219e-14
2321 1.0176713e-14
2322 1.0169225e-14
2323 1.0161744e-14
2324 1.0154266e-14
2325 1.0146795e-14
2326 1.0139356e-14
2327 1.0131922e-14
2328 1.0124487e-14
2329 1.0117073e-14
2330 1.0109658e-14
2331 1.0102247e-14
2332 1.0094865e-14
2333 1.0087499e-14
2334 1.0080137e-14
2335 1.0072793e-14
2336 1.006546e-14
2337 1.0058133e-14
2338 1.0050815e-14
2339 1.0043521e-14
2340 1.0036245e-14
2341 1.0028974e-14
2342 1.0021692e-14
2343 1.0014447e-14
2344 1.0007215e-14
2345 9.9999951e-15
2346 9.9927888e-15
2347 9.9855991e-15
2348 9.9784337e-15
2349 9.9712547e-15
2350 9.9641009e-15
2351 9.9569553e-15
2352 9.9498202e-15
2353 9.9427139e-15
2354 9.9356082e-15
2355 9.9285296e-15
2356 9.9214544e-15
2357 9.9143843e-15
2358 9.9073348e-15
2359 9.9003028e-15
2360 9.8932794e-15
2361 9.8862756e-15
2362 9.8792819e-15
2363 9.8723151e-15
2364 9.865352e-15
2365 9.858427e-15
2366 9.8515026e-15
2367 9.8445939e-15
2368 9.8376964e-15
2369 9.8308184e-15
2370 9.8239448e-15
2371 9.8170758e-15
2372 9.8102394e-15
2373 9.8034254e-15
2374 9.7966283e-15
2375 9.7898385e-15
2376 9.7830683e-15
2377 9.7763152e-15
2378 9.7695785e-15
2379 9.7628571e-15
2380 9.75615e-15
2381 9.7494507e-15
2382 9.7427695e-15
2383 9.7361146e-15
2384 9.7294722e-15
2385 9.7228431e-15
2386 9.7162292e-15
2387 9.7096436e-15
2388 9.7030691e-15
2389 9.6965019e-15
2390 9.6899471e-15
2391 9.6834247e-15
2392 9.6769146e-15
2393 9.6704347e-15
2394 9.6639654e-15
2395 9.6575181e-15
2396 9.6510674e-15
2397 9.6446433e-15
2398 9.6382492e-15
2399 9.6318649e-15
2400 9.625495e-15
2401 9.6191393e-15
2402 9.612804e-15
2403 9.6064899e-15
2404 9.600189e-15
2405 9.5939021e-15
2406 9.5876267e-15
2407 9.5813846e-15
2408 9.5751523e-15
2409 9.568939e-15
2410 9.5627573e-15
2411 9.5565813e-15
2412 9.5504292e-15
2413 9.5442787e-15
2414 9.5381522e-15
2415 9.5320322e-15
2416 9.5259487e-15
2417 9.5198826e-15
2418 9.5138447e-15
2419 9.507817e-15
2420 9.5017919e-15
2421 9.4958045e-15
2422 9.4898228e-15
2423 9.4838664e-15
2424 9.4779216e-15
2425 9.4720039e-15
2426 9.4660955e-15
2427 9.4602082e-15
2428 9.4543386e-15
2429 9.448492e-15
2430 9.4426583e-15
2431 9.4368395e-15
2432 9.43105e-15
2433 9.4252681e-15
2434 9.419506e-15
2435 9.4137777e-15
2436 9.4080606e-15
2437 9.4023608e-15
2438 9.3966809e-15
2439 9.3910223e-15
2440 9.3853813e-15
2441 9.379754e-15
2442 9.3741495e-15
2443 9.3685474e-15
2444 9.362972e-15
2445 9.3574098e-15
2446 9.3518749e-15
2447 9.3463515e-15
2448 9.3408577e-15
2449 9.3353728e-15
2450 9.3299024e-15
2451 9.3244614e-15
2452 9.3190295e-15
2453 9.3136089e-15
2454 9.308219e-15
2455 9.3028414e-15
2456 9.2974667e-15
2457 9.2921282e-15
2458 9.2868121e-15
2459 9.2815083e-15
2460 9.2762237e-15
2461 9.2709575e-15
2462 9.2657069e-15
2463 9.2604793e-15
2464 9.2552577e-15
2465 9.2500602e-15
2466 9.2448777e-15
2467 9.2397123e-15
2468 9.2345756e-15
2469 9.2294455e-15
2470 9.2243435e-15
2471 9.2192476e-15
2472 9.2141806e-15
2473 9.2091262e-15
2474 9.2040876e-15
2475 9.1990626e-15
2476 9.1940558e-15
2477 9.1890845e-15
2478 9.1841168e-15
2479 9.1791748e-15
2480 9.1742441e-15
2481 9.1693309e-15
2482 9.1644386e-15
2483 9.1595686e-15
2484 9.1547063e-15
2485 9.1498507e-15
2486 9.1450252e-15
2487 9.1402193e-15
2488 9.1354283e-15
2489 9.130647e-15
2490 9.1258849e-15
2491 9.1211404e-15
2492 9.1164027e-15
2493 9.1116829e-15
2494 9.1069907e-15
2495 9.1023315e-15
2496 9.0976567e-15
2497 9.0930059e-15
2498 9.0883743e-15
2499 9.0837538e-15
2500 9.0791555e-15
2501 9.074563e-15
2502 9.0699918e-15
2503 9.0654442e-15
2504 9.0608975e-15
2505 9.056373e-15
2506 9.0518648e-15
2507 9.0473689e-15
2508 9.0428871e-15
2509 9.0384333e-15
2510 9.0339961e-15
2511 9.0295749e-15
2512 9.0251559e-15
2513 9.020759e-15
2514 9.0163786e-15
2515 9.0120077e-15
2516 9.0076584e-15
2517 9.0033152e-15
2518 8.9989903e-15
2519 8.9946749e-15
2520 8.9903787e-15
2521 8.9860882e-15
2522 8.9818152e-15
2523 8.9775548e-15
2524 8.9733055e-15
2525 8.9690697e-15
2526 8.9648438e-15
2527 8.9606435e-15
2528 8.9564577e-15
2529 8.9522836e-15
2530 8.9481309e-15
2531 8.9439776e-15
2532 8.9398434e-15
2533 8.9357119e-15
2534 8.9316013e-15
2535 8.9274972e-15
2536 8.9234064e-15
2537 8.9193373e-15
2538 8.9152746e-15
2539 8.9112279e-15
2540 8.907197e-15
2541 8.9031678e-15
2542 8.8991482e-15
2543 8.8951486e-15
2544 8.8911533e-15
2545 8.8871669e-15
2546 8.8831949e-15
2547 8.8792458e-15
2548 8.8752893e-15
2549 8.8713442e-15
2550 8.8674194e-15
2551 8.8635048e-15
2552 8.8595981e-15
2553 8.8556953e-15
2554 8.8518193e-15
2555 8.8479291e-15
2556 8.8440658e-15
2557 8.8402115e-15
2558 8.8363576e-15
2559 8.8325254e-15
2560 8.8286936e-15
2561 8.8248774e-15
2562 8.8210633e-15
2563 8.8172627e-15
2564 8.8134682e-15
2565 8.809689e-15
2566 8.8059124e-15
2567 8.8021398e-15
2568 8.7983888e-15
2569 8.794641e-15
2570 8.7908997e-15
2571 8.7871664e-15
2572 8.7834341e-15
2573 8.7797238e-15
2574 8.7760248e-15
2575 8.7723343e-15
2576 8.7686417e-15
2577 8.7649564e-15
2578 8.7612806e-15
2579 8.7576111e-15
2580 8.7539486e-15
2581 8.7503024e-15
2582 8.7466598e-15
2583 8.7430174e-15
2584 8.7393828e-15
2585 8.7357645e-15
2586 8.7321551e-15
2587 8.7285545e-15
2588 8.7249468e-15
2589 8.7213487e-15
2590 8.7177568e-15
2591 8.7141726e-15
2592 8.7105958e-15
2593 8.7070232e-15
2594 8.7034659e-15
2595 8.699908e-15
2596 8.6963559e-15
2597 8.6928134e-15
2598 8.6892866e-15
2599 8.6857563e-15
2600 8.6822235e-15
2601 8.6787071e-15
2602 8.6752017e-15
2603 8.6716989e-15
2604 8.6682012e-15
2605 8.664705e-15
2606 8.6612257e-15
2607 8.6577478e-15
2608 8.6542756e-15
2609 8.6508026e-15
2610 8.647342e-15
2611 8.643881e-15
2612 8.6404211e-15
2613 8.636976e-15
2614 8.6335386e-15
2615 8.6300998e-15
2616 8.6266681e-15
2617 8.6232329e-15
2618 8.6198158e-15
2619 8.616392e-15
2620 8.6129832e-15
2621 8.609588e-15
2622 8.6061874e-15
2623 8.6027906e-15
2624 8.5993997e-15
2625 8.5960234e-15
2626 8.5926498e-15
2627 8.5892707e-15
2628 8.585906e-15
2629 8.5825445e-15
2630 8.5791894e-15
2631 8.575835e-15
2632 8.5724956e-15
2633 8.5691495e-15
2634 8.5658066e-15
2635 8.5624658e-15
2636 8.5591377e-15
2637 8.5558134e-15
2638 8.5524924e-15
2639 8.5491816e-15
2640 8.5458715e-15
2641 8.5425661e-15
2642 8.5392687e-15
2643 8.5359716e-15
2644 8.5326801e-15
2645 8.5294005e-15
2646 8.5261337e-15
2647 8.5228578e-15
2648 8.5195906e-15
2649 8.5163314e-15
2650 8.5130728e-15
2651 8.5098143e-15
2652 8.506578e-15
2653 8.5033417e-15
2654 8.5001079e-15
2655 8.4968747e-15
2656 8.4936526e-15
2657 8.4904271e-15
2658 8.4872213e-15
2659 8.4840092e-15
2660 8.480805e-15
2661 8.4776017e-15
2662 8.4744014e-15
2663 8.4712171e-15
2664 8.468031e-15
2665 8.464863e-15
2666 8.4616865e-15
2667 8.4585207e-15
2668 8.4553683e-15
2669 8.4522129e-15
2670 8.44907e-15
2671 8.4459293e-15
2672 8.4427958e-15
2673 8.4396629e-15
2674 8.4365394e-15
2675 8.4334233e-15
2676 8.4303134e-15
2677 8.4272109e-15
2678 8.4241135e-15
2679 8.4210245e-15
2680 8.4179357e-15
2681 8.41486e-15
2682 8.4117911e-15
2683 8.4087301e-15
2684 8.4056672e-15
2685 8.4026106e-15
2686 8.3995656e-15
2687 8.3965303e-15
2688 8.3934967e-15
2689 8.3904688e-15
2690 8.3874537e-15
2691 8.3844372e-15
2692 8.3814318e-15
2693 8.3784334e-15
2694 8.3754439e-15
2695 8.3724677e-15
2696 8.3695006e-15
2697 8.3665363e-15
2698 8.3635818e-15
2699 8.3606323e-15
2700 8.3576922e-15
2701 8.3547578e-15
2702 8.3518357e-15
2703 8.3489195e-15
2704 8.3460071e-15
2705 8.3431074e-15
2706 8.340223e-15
2707 8.3373367e-15
2708 8.3344606e-15
2709 8.3315898e-15
2710 8.328727e-15
2711 8.3258737e-15
2712 8.3230337e-15
2713 8.3201941e-15
2714 8.3173637e-15
2715 8.3145446e-15
2716 8.3117347e-15
2717 8.3089367e-15
2718 8.3061348e-15
2719 8.3033535e-15
2720 8.3005868e-15
2721 8.2978258e-15
2722 8.2950727e-15
2723 8.2923365e-15
2724 8.2895989e-15
2725 8.2868787e-15
2726 8.2841596e-15
2727 8.2814584e-15
2728 8.2787678e-15
2729 8.2760851e-15
2730 8.273412e-15
2731 8.2707482e-15
2732 8.2681017e-15
2733 8.2654524e-15
2734 8.2628202e-15
2735 8.2601976e-15
2736 8.257591e-15
2737 8.2549873e-15
2738 8.2523971e-15
2739 8.2498134e-15
2740 8.2472497e-15
2741 8.2446978e-15
2742 8.2421533e-15
2743 8.2396154e-15
2744 8.2370843e-15
2745 8.2345773e-15
2746 8.2320665e-15
2747 8.2295755e-15
2748 8.2270897e-15
2749 8.2246194e-15
2750 8.2221489e-15
2751 8.219703e-15
2752 8.2172724e-15
2753 8.214844e-15
2754 8.2124299e-15
2755 8.210024e-15
2756 8.2076395e-15
2757 8.2052529e-15
2758 8.2028875e-15
2759 8.2005263e-15
2760 8.1981775e-15
2761 8.1958466e-15
2762 8.1935279e-15
2763 8.1912249e-15
2764 8.1889286e-15
2765 8.1866438e-15
2766 8.18437e-15
2767 8.1821102e-15
2768 8.1798657e-15
2769 8.1776306e-15
2770 8.1754038e-15
2771 8.1731904e-15
2772 8.1709886e-15
2773 8.1688017e-15
2774 8.1666193e-15
2775 8.1644608e-15
2776 8.1623054e-15
2777 8.1601646e-15
2778 8.1580333e-15
2779 8.1559198e-15
2780 8.1538171e-15
2781 8.1517214e-15
2782 8.1496335e-15
2783 8.1475667e-15
2784 8.1455087e-15
2785 8.1434643e-15
2786 8.1414337e-15
2787 8.1394156e-15
2788 8.1374085e-15
2789 8.135416e-15
2790 8.1334259e-15
2791 8.1314535e-15
2792 8.1294985e-15
2793 8.1275557e-15
2794 8.12562e-15
2795 8.1236892e-15
2796 8.1217845e-15
2797 8.1198821e-15
2798 8.1179948e-15
2799 8.11612e-15
2800 8.1142486e-15
2801 8.1123946e-15
2802 8.1105502e-15
2803 8.1087178e-15
2804 8.1069024e-15
2805 8.1050981e-15
2806 8.1033117e-15
2807 8.1015236e-15
2808 8.0997497e-15
2809 8.0979879e-15
2810 8.0962392e-15
2811 8.0944996e-15
2812 8.0927696e-15
2813 8.0910494e-15
2814 8.0893451e-15
2815 8.0876576e-15
2816 8.0859777e-15
2817 8.084309e-15
2818 8.0826521e-15
2819 8.0809995e-15
2820 8.0793541e-15
2821 8.0777302e-15
2822 8.0761165e-15
2823 8.0744999e-15
2824 8.0729039e-15
2825 8.0713214e-15
2826 8.0697434e-15
2827 8.0681835e-15
2828 8.0666265e-15
2829 8.0650803e-15
2830 8.0635369e-15
2831 8.0620058e-15
2832 8.060488e-15
2833 8.058979e-15
2834 8.0574774e-15
2835 8.0559837e-15
2836 8.0545022e-15
2837 8.053031e-15
2838 8.0515724e-15
2839 8.050121e-15
2840 8.0486759e-15
2841 8.0472421e-15
2842 8.045813e-15
2843 8.0443992e-15
2844 8.0429858e-15
2845 8.041587e-15
2846 8.0401943e-15
2847 8.0388106e-15
2848 8.0374364e-15
2849 8.036068e-15
2850 8.0347046e-15
2851 8.0333461e-15
2852 8.0319945e-15
2853 8.0306592e-15
2854 8.0293274e-15
2855 8.0279995e-15
2856 8.0266789e-15
2857 8.0253648e-15
2858 8.0240539e-15
2859 8.0227522e-15
2860 8.0214542e-15
2861 8.0201612e-15
2862 8.0188763e-15
2863 8.0175952e-15
2864 8.0163257e-15
2865 8.01506e-15
2866 8.0137995e-15
2867 8.0125406e-15
2868 8.0112892e-15
2869 8.0100366e-15
2870 8.0087966e-15
2871 8.0075571e-15
2872 8.0063216e-15
2873 8.0050939e-15
2874 8.003878e-15
2875 8.0026596e-15
2876 8.0014454e-15
2877 8.0002331e-15
2878 7.9990261e-15
2879 7.9978223e-15
2880 7.9966225e-15
2881 7.9954194e-15
2882 7.9942184e-15
2883 7.9930226e-15
2884 7.9918326e-15
2885 7.9906431e-15
2886 7.9894576e-15
2887 7.988276e-15
2888 7.9870973e-15
2889 7.9859219e-15
2890 7.9847429e-15
2891 7.9835735e-15
2892 7.9823996e-15
2893 7.9812246e-15
2894 7.9800541e-15
2895 7.9788816e-15
2896 7.9777196e-15
2897 7.9765451e-15
2898 7.9753785e-15
2899 7.9742131e-15
2900 7.9730485e-15
2901 7.9718811e-15
2902 7.9707187e-15
2903 7.9695596e-15
2904 7.9683967e-15
2905 7.9672413e-15
2906 7.9660841e-15
2907 7.9649206e-15
2908 7.9637568e-15
2909 7.9625951e-15
2910 7.9614371e-15
2911 7.9602756e-15
2912 7.9591133e-15
2913 7.9579551e-15
2914 7.9567971e-15
2915 7.9556336e-15
2916 7.9544692e-15
2917 7.9533031e-15
2918 7.9521327e-15
2919 7.9509635e-15
2920 7.9497958e-15
2921 7.948628e-15
2922 7.9474619e-15
2923 7.9462977e-15
2924 7.9451285e-15
2925 7.9439584e-15
2926 7.9427847e-15
2927 7.9416084e-15
2928 7.9404277e-15
2929 7.9392512e-15
2930 7.9380727e-15
2931 7.9368921e-15
2932 7.9357108e-15
2933 7.9345292e-15
2934 7.9333497e-15
2935 7.9321644e-15
2936 7.9309783e-15
2937 7.9297902e-15
2938 7.9285996e-15
2939 7.9274102e-15
2940 7.9262163e-15
2941 7.9250228e-15
2942 7.9238286e-15
2943 7.9226325e-15
2944 7.9214351e-15
2945 7.9202386e-15
2946 7.9190411e-15
2947 7.9178362e-15
2948 7.9166337e-15
2949 7.9154327e-15
2950 7.9142288e-15
2951 7.9130216e-15
2952 7.9118197e-15
2953 7.9106129e-15
2954 7.9094066e-15
2955 7.9081991e-15
2956 7.9069946e-15
2957 7.905791e-15
2958 7.9045832e-15
2959 7.9033762e-15
2960 7.9021653e-15
2961 7.9009568e-15
2962 7.8997476e-15
2963 7.8985365e-15
2964 7.8973274e-15
2965 7.8961137e-15
2966 7.8949109e-15
2967 7.893704e-15
2968 7.8924984e-15
2969 7.8912995e-15
2970 7.8900966e-15
2971 7.8888975e-15
2972 7.887695e-15
2973 7.8864927e-15
2974 7.8852949e-15
2975 7.8840964e-15
2976 7.8829061e-15
2977 7.8817129e-15
2978 7.8805238e-15
2979 7.8793349e-15
2980 7.8781521e-15
2981 7.8769718e-15
2982 7.8757947e-15
2983 7.8746207e-15
2984 7.8734506e-15
2985 7.8722872e-15
2986 7.8711233e-15
2987 7.8699624e-15
2988 7.8688115e-15
2989 7.8676634e-15
2990 7.8665202e-15
2991 7.8653814e-15
2992 7.8642492e-15
2993 7.8631188e-15
2994 7.8619979e-15
2995 7.8608838e-15
2996 7.8597752e-15
2997 7.8586788e-15
2998 7.8575869e-15
2999 7.8564997e-15
3000 7.8554252e-15
