# Fiducial parameters: cosmomc_theta = 0.0104092, logA = 3.044, ombh2 = 0.02237, omch2 = 0.12, ns = 0.9649, tau = 0.0544, h = 0.6733981423479604, lens_potential_accuracy = 8, lens_margin = 2050, AccuracyBoost = 2.0, lSampleBoost = 2.0, lAccuracyBoost = 2.0, kmax = 10, k_per_logint = 130, nonlinear = True, DoLateRadTruncation = False
30 1.8257025e-10
31 1.7137964e-10
32 1.6114754e-10
33 1.5176152e-10
34 1.4312516e-10
35 1.3517057e-10
36 1.278198e-10
37 1.2102068e-10
38 1.1471062e-10
39 1.0885403e-10
40 1.034086e-10
41 9.8333008e-11
42 9.3595336e-11
43 8.9168033e-11
44 8.5027639e-11
45 8.1149413e-11
46 7.7508197e-11
47 7.4082678e-11
48 7.0871473e-11
49 6.7846691e-11
50 6.499068e-11
51 6.2302625e-11
52 5.9770231e-11
53 5.737158e-11
54 5.5103784e-11
55 5.2957823e-11
56 5.0922535e-11
57 4.8990874e-11
58 4.7160895e-11
59 4.5416831e-11
60 4.3765176e-11
61 4.218989e-11
62 4.0692555e-11
63 3.927151e-11
64 3.791291e-11
65 3.6616648e-11
66 3.5379671e-11
67 3.4200746e-11
68 3.3071644e-11
69 3.1993217e-11
70 3.0961195e-11
71 2.997489e-11
72 2.9032393e-11
73 2.8130684e-11
74 2.7264539e-11
75 2.643289e-11
76 2.5636324e-11
77 2.4872689e-11
78 2.4138142e-11
79 2.3432276e-11
80 2.2754269e-11
81 2.2100923e-11
82 2.1474948e-11
83 2.0870973e-11
84 2.0292159e-11
85 1.9733692e-11
86 1.9195073e-11
87 1.8676829e-11
88 1.8177141e-11
89 1.7694773e-11
90 1.722975e-11
91 1.6781047e-11
92 1.6350141e-11
93 1.5931188e-11
94 1.5526679e-11
95 1.5137413e-11
96 1.4762016e-11
97 1.4398591e-11
98 1.4046766e-11
99 1.3706687e-11
100 1.3376678e-11
101 1.3058223e-11
102 1.274953e-11
103 1.24498e-11
104 1.2162132e-11
105 1.1882702e-11
106 1.1610035e-11
107 1.1347021e-11
108 1.1091619e-11
109 1.0844846e-11
110 1.0605155e-11
111 1.0372142e-11
112 1.0146659e-11
113 9.927493e-12
114 9.7148839e-12
115 9.5087292e-12
116 9.3078832e-12
117 9.1126899e-12
118 8.9237846e-12
119 8.7405617e-12
120 8.5614649e-12
121 8.3870051e-12
122 8.2178762e-12
123 8.0532925e-12
124 7.8940151e-12
125 7.7387235e-12
126 7.5877158e-12
127 7.4405418e-12
128 7.2971404e-12
129 7.1571305e-12
130 7.0207059e-12
131 6.8877146e-12
132 6.7593259e-12
133 6.6335622e-12
134 6.511256e-12
135 6.392195e-12
136 6.2753706e-12
137 6.1622525e-12
138 6.0518506e-12
139 5.944231e-12
140 5.8395762e-12
141 5.7371487e-12
142 5.6371015e-12
143 5.5390614e-12
144 5.4434773e-12
145 5.3503139e-12
146 5.2594081e-12
147 5.1704405e-12
148 5.0838177e-12
149 4.9993965e-12
150 4.9167075e-12
151 4.8361462e-12
152 4.7569956e-12
153 4.6799302e-12
154 4.604358e-12
155 4.5305595e-12
156 4.4585373e-12
157 4.3881649e-12
158 4.3191441e-12
159 4.2516307e-12
160 4.1857378e-12
161 4.1213961e-12
162 4.0585425e-12
163 3.9973615e-12
164 3.936664e-12
165 3.8778051e-12
166 3.8200101e-12
167 3.763437e-12
168 3.7078485e-12
169 3.6537007e-12
170 3.6004496e-12
171 3.548147e-12
172 3.4972229e-12
173 3.4471956e-12
174 3.3983371e-12
175 3.350453e-12
176 3.303427e-12
177 3.2574675e-12
178 3.2121304e-12
179 3.1678276e-12
180 3.1245129e-12
181 3.0818526e-12
182 3.0401757e-12
183 2.9990769e-12
184 2.9590799e-12
185 2.9195473e-12
186 2.880918e-12
187 2.8431673e-12
188 2.8062369e-12
189 2.7699486e-12
190 2.7342698e-12
191 2.6990997e-12
192 2.6646104e-12
193 2.6307132e-12
194 2.5974025e-12
195 2.5648094e-12
196 2.5328593e-12
197 2.5013575e-12
198 2.4706133e-12
199 2.4402296e-12
200 2.4103716e-12
201 2.3810426e-12
202 2.3522465e-12
203 2.3239391e-12
204 2.2961453e-12
205 2.2688485e-12
206 2.2420277e-12
207 2.2156676e-12
208 2.1897794e-12
209 2.1641759e-12
210 2.1390276e-12
211 2.1142747e-12
212 2.0899856e-12
213 2.0661324e-12
214 2.0426998e-12
215 2.0197642e-12
216 1.9970491e-12
217 1.9747648e-12
218 1.9527959e-12
219 1.9312907e-12
220 1.9099405e-12
221 1.8891408e-12
222 1.8685541e-12
223 1.8482732e-12
224 1.8282542e-12
225 1.8085172e-12
226 1.7891167e-12
227 1.7700686e-12
228 1.7512826e-12
229 1.7328874e-12
230 1.7147168e-12
231 1.6968352e-12
232 1.679235e-12
233 1.6618024e-12
234 1.6446756e-12
235 1.6278262e-12
236 1.6111393e-12
237 1.5947523e-12
238 1.5786157e-12
239 1.5627062e-12
240 1.5470312e-12
241 1.5314901e-12
242 1.5163081e-12
243 1.5012709e-12
244 1.4864071e-12
245 1.4718387e-12
246 1.457461e-12
247 1.4433339e-12
248 1.4293198e-12
249 1.415536e-12
250 1.4018971e-12
251 1.3884542e-12
252 1.3751799e-12
253 1.3621324e-12
254 1.3492088e-12
255 1.3365599e-12
256 1.324057e-12
257 1.3116554e-12
258 1.2993992e-12
259 1.2872578e-12
260 1.2753437e-12
261 1.2635805e-12
262 1.2519733e-12
263 1.2405597e-12
264 1.2292364e-12
265 1.2181369e-12
266 1.2071131e-12
267 1.1962535e-12
268 1.1855368e-12
269 1.1749415e-12
270 1.1644309e-12
271 1.1540836e-12
272 1.1439175e-12
273 1.1338163e-12
274 1.123824e-12
275 1.1140102e-12
276 1.1042862e-12
277 1.0946637e-12
278 1.0851891e-12
279 1.0757926e-12
280 1.0665111e-12
281 1.0573974e-12
282 1.0483675e-12
283 1.0394177e-12
284 1.0306334e-12
285 1.0219008e-12
286 1.0133213e-12
287 1.0048284e-12
288 9.9644717e-13
289 9.8812105e-13
290 9.7991316e-13
291 9.7180562e-13
292 9.6378988e-13
293 9.5579422e-13
294 9.4796722e-13
295 9.4023102e-13
296 9.3254606e-13
297 9.2495796e-13
298 9.1739918e-13
299 9.1002743e-13
300 9.0270864e-13
301 8.9545606e-13
302 8.8830433e-13
303 8.8125316e-13
304 8.742539e-13
305 8.6732444e-13
306 8.6044186e-13
307 8.5367153e-13
308 8.4698723e-13
309 8.4035265e-13
310 8.3381998e-13
311 8.2732217e-13
312 8.208956e-13
313 8.1456152e-13
314 8.0829362e-13
315 8.0208537e-13
316 7.9592253e-13
317 7.8985182e-13
318 7.838303e-13
319 7.7788136e-13
320 7.7199013e-13
321 7.6615449e-13
322 7.6042054e-13
323 7.5473791e-13
324 7.4913168e-13
325 7.4356192e-13
326 7.3806342e-13
327 7.3260945e-13
328 7.2718891e-13
329 7.2184447e-13
330 7.1656555e-13
331 7.1131739e-13
332 7.0613506e-13
333 7.0101595e-13
334 6.9594174e-13
335 6.9091508e-13
336 6.859387e-13
337 6.8100975e-13
338 6.7614322e-13
339 6.7132218e-13
340 6.6656394e-13
341 6.61821e-13
342 6.5714966e-13
343 6.5254804e-13
344 6.4795499e-13
345 6.4341013e-13
346 6.3890411e-13
347 6.3444093e-13
348 6.3003866e-13
349 6.2568345e-13
350 6.2138187e-13
351 6.1711877e-13
352 6.1286037e-13
353 6.0869065e-13
354 6.0453361e-13
355 6.0043185e-13
356 5.9634254e-13
357 5.923246e-13
358 5.8830982e-13
359 5.8435576e-13
360 5.8043639e-13
361 5.7657215e-13
362 5.7271583e-13
363 5.6891608e-13
364 5.6515214e-13
365 5.6142921e-13
366 5.577217e-13
367 5.5406115e-13
368 5.5042771e-13
369 5.4683281e-13
370 5.4327922e-13
371 5.3976108e-13
372 5.3625287e-13
373 5.3279497e-13
374 5.2936281e-13
375 5.259602e-13
376 5.2260065e-13
377 5.1926932e-13
378 5.1596597e-13
379 5.126858e-13
380 5.094386e-13
381 5.0621786e-13
382 5.030375e-13
383 4.9986255e-13
384 4.9672679e-13
385 4.936165e-13
386 4.9052969e-13
387 4.8747795e-13
388 4.8447304e-13
389 4.814908e-13
390 4.7853451e-13
391 4.7559582e-13
392 4.7267372e-13
393 4.6978369e-13
394 4.6692019e-13
395 4.6409043e-13
396 4.6128023e-13
397 4.5847489e-13
398 4.5570363e-13
399 4.5296502e-13
400 4.5025202e-13
401 4.4755468e-13
402 4.4488936e-13
403 4.4224632e-13
404 4.3962552e-13
405 4.3701333e-13
406 4.3443885e-13
407 4.3187929e-13
408 4.2932973e-13
409 4.2681724e-13
410 4.2434032e-13
411 4.2186423e-13
412 4.1942178e-13
413 4.1699043e-13
414 4.1457825e-13
415 4.121816e-13
416 4.0981009e-13
417 4.0746408e-13
418 4.0513944e-13
419 4.028326e-13
420 4.0053413e-13
421 3.9826421e-13
422 3.9602402e-13
423 3.9378848e-13
424 3.9157508e-13
425 3.8936784e-13
426 3.8719975e-13
427 3.8503069e-13
428 3.8289341e-13
429 3.8075014e-13
430 3.7864122e-13
431 3.7655682e-13
432 3.7449275e-13
433 3.7244146e-13
434 3.7040353e-13
435 3.6838947e-13
436 3.6637575e-13
437 3.6438826e-13
438 3.6241711e-13
439 3.6046253e-13
440 3.5851561e-13
441 3.5659312e-13
442 3.5467885e-13
443 3.5278081e-13
444 3.5090243e-13
445 3.4903107e-13
446 3.4718569e-13
447 3.4535604e-13
448 3.4354514e-13
449 3.4174202e-13
450 3.3994502e-13
451 3.3817016e-13
452 3.3640697e-13
453 3.3465198e-13
454 3.3292384e-13
455 3.3120806e-13
456 3.2950426e-13
457 3.2781123e-13
458 3.26128e-13
459 3.2445972e-13
460 3.2280579e-13
461 3.211647e-13
462 3.1953812e-13
463 3.1792173e-13
464 3.1632222e-13
465 3.1473353e-13
466 3.1314904e-13
467 3.1158299e-13
468 3.1002442e-13
469 3.084803e-13
470 3.0695253e-13
471 3.0543865e-13
472 3.0394514e-13
473 3.0245564e-13
474 3.0096881e-13
475 2.994989e-13
476 2.9804234e-13
477 2.9659237e-13
478 2.9515605e-13
479 2.9373833e-13
480 2.9232338e-13
481 2.9092074e-13
482 2.8953096e-13
483 2.8814657e-13
484 2.867754e-13
485 2.8541711e-13
486 2.8406004e-13
487 2.827184e-13
488 2.8139133e-13
489 2.8007433e-13
490 2.7876879e-13
491 2.7745929e-13
492 2.7616679e-13
493 2.7488598e-13
494 2.7361496e-13
495 2.723511e-13
496 2.7109756e-13
497 2.6985754e-13
498 2.6862322e-13
499 2.6740151e-13
500 2.6617675e-13
501 2.6497153e-13
502 2.6377322e-13
503 2.6258277e-13
504 2.61407e-13
505 2.6023055e-13
506 2.5907168e-13
507 2.5791476e-13
508 2.5676885e-13
509 2.5562462e-13
510 2.544905e-13
511 2.533662e-13
512 2.5224939e-13
513 2.511446e-13
514 2.5004624e-13
515 2.4895603e-13
516 2.4787631e-13
517 2.468037e-13
518 2.4572873e-13
519 2.446702e-13
520 2.4361895e-13
521 2.4257203e-13
522 2.4154245e-13
523 2.4050685e-13
524 2.3948285e-13
525 2.3846949e-13
526 2.3746066e-13
527 2.3646237e-13
528 2.3546591e-13
529 2.344838e-13
530 2.3349746e-13
531 2.3252352e-13
532 2.3156299e-13
533 2.3059745e-13
534 2.2964633e-13
535 2.2869958e-13
536 2.2775851e-13
537 2.2682313e-13
538 2.2589957e-13
539 2.2497737e-13
540 2.240642e-13
541 2.2315448e-13
542 2.2224998e-13
543 2.2135075e-13
544 2.2046e-13
545 2.1957376e-13
546 2.1869373e-13
547 2.1781472e-13
548 2.1694445e-13
549 2.1607989e-13
550 2.1522554e-13
551 2.1437211e-13
552 2.1353162e-13
553 2.1268872e-13
554 2.1185321e-13
555 2.1102024e-13
556 2.101965e-13
557 2.0937912e-13
558 2.0856305e-13
559 2.0775512e-13
560 2.0695292e-13
561 2.0615509e-13
562 2.0536104e-13
563 2.045713e-13
564 2.037903e-13
565 2.0300928e-13
566 2.0223331e-13
567 2.0146735e-13
568 2.0070055e-13
569 1.9994511e-13
570 1.9918932e-13
571 1.9843434e-13
572 1.9769079e-13
573 1.9695418e-13
574 1.9621363e-13
575 1.9548066e-13
576 1.9475548e-13
577 1.9403053e-13
578 1.9331143e-13
579 1.9259938e-13
580 1.9188817e-13
581 1.911818e-13
582 1.9048048e-13
583 1.8978264e-13
584 1.8908971e-13
585 1.8840084e-13
586 1.8771744e-13
587 1.8703631e-13
588 1.8636339e-13
589 1.8568793e-13
590 1.8502234e-13
591 1.8435552e-13
592 1.8369211e-13
593 1.8303487e-13
594 1.8238055e-13
595 1.8173279e-13
596 1.8108925e-13
597 1.8044501e-13
598 1.7980669e-13
599 1.7916758e-13
600 1.785352e-13
601 1.7790598e-13
602 1.7728076e-13
603 1.7666085e-13
604 1.7604228e-13
605 1.7542842e-13
606 1.748169e-13
607 1.7420942e-13
608 1.7360443e-13
609 1.7300464e-13
610 1.7240526e-13
611 1.7180997e-13
612 1.7121705e-13
613 1.7063019e-13
614 1.700495e-13
615 1.694681e-13
616 1.6889135e-13
617 1.6831644e-13
618 1.6774474e-13
619 1.6717243e-13
620 1.6660373e-13
621 1.6604062e-13
622 1.6548103e-13
623 1.6492405e-13
624 1.6436881e-13
625 1.6381857e-13
626 1.632694e-13
627 1.6272372e-13
628 1.6218276e-13
629 1.6164346e-13
630 1.6110874e-13
631 1.6057617e-13
632 1.6004373e-13
633 1.595141e-13
634 1.5898695e-13
635 1.5846364e-13
636 1.5794438e-13
637 1.5742779e-13
638 1.5691307e-13
639 1.5639854e-13
640 1.5588812e-13
641 1.5538187e-13
642 1.5487901e-13
643 1.5437674e-13
644 1.5387593e-13
645 1.5338039e-13
646 1.5288705e-13
647 1.523934e-13
648 1.519051e-13
649 1.5141785e-13
650 1.5093163e-13
651 1.5045059e-13
652 1.4997082e-13
653 1.4949304e-13
654 1.4901819e-13
655 1.4854348e-13
656 1.4807574e-13
657 1.4760712e-13
658 1.4714129e-13
659 1.4667943e-13
660 1.4621741e-13
661 1.4575927e-13
662 1.4530266e-13
663 1.4484685e-13
664 1.4439351e-13
665 1.4394315e-13
666 1.4349431e-13
667 1.4305011e-13
668 1.4260731e-13
669 1.4216718e-13
670 1.4172918e-13
671 1.4129205e-13
672 1.4085746e-13
673 1.4042466e-13
674 1.3999512e-13
675 1.3956404e-13
676 1.3913858e-13
677 1.3871484e-13
678 1.3829063e-13
679 1.3786944e-13
680 1.3745017e-13
681 1.3703232e-13
682 1.3661736e-13
683 1.3620362e-13
684 1.3579402e-13
685 1.353835e-13
686 1.3497592e-13
687 1.3456989e-13
688 1.3416692e-13
689 1.337645e-13
690 1.3336506e-13
691 1.3296712e-13
692 1.3257116e-13
693 1.3217598e-13
694 1.3178353e-13
695 1.3139218e-13
696 1.3100196e-13
697 1.306148e-13
698 1.3022858e-13
699 1.2984625e-13
700 1.2946495e-13
701 1.2908466e-13
702 1.2870512e-13
703 1.2832859e-13
704 1.2795238e-13
705 1.2757908e-13
706 1.2720786e-13
707 1.2683721e-13
708 1.2646853e-13
709 1.2610238e-13
710 1.2573651e-13
711 1.2537208e-13
712 1.2501108e-13
713 1.2465022e-13
714 1.2428987e-13
715 1.2393149e-13
716 1.2357557e-13
717 1.232209e-13
718 1.2286779e-13
719 1.2251606e-13
720 1.2216744e-13
721 1.2181966e-13
722 1.214725e-13
723 1.2112851e-13
724 1.2078342e-13
725 1.2044121e-13
726 1.2010182e-13
727 1.1976228e-13
728 1.1942481e-13
729 1.1908935e-13
730 1.1875459e-13
731 1.1842332e-13
732 1.1809303e-13
733 1.1776382e-13
734 1.1743554e-13
735 1.1710745e-13
736 1.1678368e-13
737 1.164596e-13
738 1.1613623e-13
739 1.1581625e-13
740 1.1549601e-13
741 1.1517729e-13
742 1.1486058e-13
743 1.1454474e-13
744 1.1423052e-13
745 1.1391727e-13
746 1.1360492e-13
747 1.1329538e-13
748 1.129873e-13
749 1.1268001e-13
750 1.1237298e-13
751 1.1206847e-13
752 1.1176365e-13
753 1.1146063e-13
754 1.1115889e-13
755 1.1085902e-13
756 1.105606e-13
757 1.1026261e-13
758 1.0996718e-13
759 1.0967294e-13
760 1.0937927e-13
761 1.0908594e-13
762 1.0879555e-13
763 1.0850519e-13
764 1.0821643e-13
765 1.0792844e-13
766 1.0764333e-13
767 1.0735964e-13
768 1.0707628e-13
769 1.0679385e-13
770 1.0651362e-13
771 1.0623408e-13
772 1.0595483e-13
773 1.0567723e-13
774 1.0540107e-13
775 1.0512516e-13
776 1.0485187e-13
777 1.0458046e-13
778 1.0430936e-13
779 1.0404012e-13
780 1.0377104e-13
781 1.0350354e-13
782 1.0323648e-13
783 1.0296978e-13
784 1.0270524e-13
785 1.0244132e-13
786 1.0217981e-13
787 1.0191881e-13
788 1.0165909e-13
789 1.0140023e-13
790 1.0114256e-13
791 1.0088527e-13
792 1.0062969e-13
793 1.0037501e-13
794 1.0012243e-13
795 9.987054e-14
796 9.9619421e-14
797 9.9370558e-14
798 9.912152e-14
799 9.8874096e-14
800 9.8628142e-14
801 9.8382966e-14
802 9.8138889e-14
803 9.7896554e-14
804 9.7654048e-14
805 9.7412982e-14
806 9.7172715e-14
807 9.6934505e-14
808 9.6696474e-14
809 9.6459672e-14
810 9.622477e-14
811 9.5990794e-14
812 9.5756403e-14
813 9.5524911e-14
814 9.5293865e-14
815 9.5063636e-14
816 9.4833212e-14
817 9.4603363e-14
818 9.4376774e-14
819 9.4149418e-14
820 9.3923344e-14
821 9.369849e-14
822 9.347638e-14
823 9.3253152e-14
824 9.3031148e-14
825 9.2809366e-14
826 9.2589358e-14
827 9.237e-14
828 9.2151235e-14
829 9.1933582e-14
830 9.1716516e-14
831 9.1501378e-14
832 9.1286531e-14
833 9.1072941e-14
834 9.0860902e-14
835 9.0648641e-14
836 9.0437755e-14
837 9.0227149e-14
838 9.001821e-14
839 8.9809708e-14
840 8.9601891e-14
841 8.939528e-14
842 8.9189289e-14
843 8.8984679e-14
844 8.8780543e-14
845 8.8577367e-14
846 8.8374393e-14
847 8.8172854e-14
848 8.7971031e-14
849 8.7770604e-14
850 8.7571508e-14
851 8.7372791e-14
852 8.7175671e-14
853 8.6978865e-14
854 8.6783563e-14
855 8.6588672e-14
856 8.6394906e-14
857 8.6201746e-14
858 8.6008755e-14
859 8.5816673e-14
860 8.562544e-14
861 8.5435859e-14
862 8.5246405e-14
863 8.5057032e-14
864 8.4868798e-14
865 8.4681006e-14
866 8.4494089e-14
867 8.4308055e-14
868 8.4122585e-14
869 8.3937916e-14
870 8.3754217e-14
871 8.3570389e-14
872 8.3388678e-14
873 8.3205818e-14
874 8.3025989e-14
875 8.284578e-14
876 8.2666242e-14
877 8.2487128e-14
878 8.2309288e-14
879 8.2132544e-14
880 8.1954721e-14
881 8.177864e-14
882 8.1603063e-14
883 8.1429039e-14
884 8.1254358e-14
885 8.1081061e-14
886 8.0908317e-14
887 8.0736301e-14
888 8.056501e-14
889 8.039412e-14
890 8.0223543e-14
891 8.0054101e-14
892 7.9884632e-14
893 7.9716484e-14
894 7.9548346e-14
895 7.9381385e-14
896 7.9214624e-14
897 7.9048199e-14
898 7.8882801e-14
899 7.8717663e-14
900 7.8553884e-14
901 7.8390139e-14
902 7.8227054e-14
903 7.8064556e-14
904 7.7902287e-14
905 7.7740725e-14
906 7.7579931e-14
907 7.741952e-14
908 7.7260115e-14
909 7.7100174e-14
910 7.6940756e-14
911 7.6782538e-14
912 7.6625222e-14
913 7.6467922e-14
914 7.6310818e-14
915 7.6154325e-14
916 7.599829e-14
917 7.5842791e-14
918 7.5687385e-14
919 7.5532628e-14
920 7.5378901e-14
921 7.5225373e-14
922 7.5072346e-14
923 7.4919696e-14
924 7.4767755e-14
925 7.4616456e-14
926 7.4465233e-14
927 7.4315092e-14
928 7.4164559e-14
929 7.4015158e-14
930 7.3866361e-14
931 7.3718027e-14
932 7.3569815e-14
933 7.3421913e-14
934 7.3275149e-14
935 7.3128369e-14
936 7.298234e-14
937 7.2836068e-14
938 7.2690298e-14
939 7.254546e-14
940 7.240032e-14
941 7.2256028e-14
942 7.2112445e-14
943 7.1968982e-14
944 7.1826043e-14
945 7.1683744e-14
946 7.1541888e-14
947 7.1400219e-14
948 7.1258824e-14
949 7.1118686e-14
950 7.0978615e-14
951 7.0838637e-14
952 7.0699331e-14
953 7.0559643e-14
954 7.0421019e-14
955 7.0282662e-14
956 7.0144597e-14
957 7.0006824e-14
958 6.9869464e-14
959 6.9732857e-14
960 6.9596279e-14
961 6.946009e-14
962 6.9324252e-14
963 6.9189018e-14
964 6.9053541e-14
965 6.8919269e-14
966 6.8785053e-14
967 6.8651795e-14
968 6.8518489e-14
969 6.8385536e-14
970 6.825282e-14
971 6.8120633e-14
972 6.7988875e-14
973 6.7857398e-14
974 6.7726068e-14
975 6.7595647e-14
976 6.7464934e-14
977 6.73345e-14
978 6.7204866e-14
979 6.7075537e-14
980 6.6946743e-14
981 6.6817728e-14
982 6.6689155e-14
983 6.656107e-14
984 6.6433154e-14
985 6.6305987e-14
986 6.6179204e-14
987 6.6052526e-14
988 6.5926152e-14
989 6.5799608e-14
990 6.5674014e-14
991 6.5548811e-14
992 6.5423147e-14
993 6.5298256e-14
994 6.5174117e-14
995 6.5050227e-14
996 6.4926721e-14
997 6.4803314e-14
998 6.4679709e-14
999 6.4556549e-14
1000 6.4433755e-14
1001 6.4311342e-14
1002 6.4189073e-14
1003 6.4067067e-14
1004 6.394558e-14
1005 6.3824587e-14
1006 6.3703805e-14
1007 6.3583438e-14
1008 6.3462827e-14
1009 6.3342656e-14
1010 6.3223125e-14
1011 6.3103823e-14
1012 6.2984461e-14
1013 6.2865999e-14
1014 6.2747802e-14
1015 6.2629758e-14
1016 6.2512132e-14
1017 6.2394723e-14
1018 6.2277758e-14
1019 6.2161218e-14
1020 6.2044662e-14
1021 6.192867e-14
1022 6.1812687e-14
1023 6.1697185e-14
1024 6.1581735e-14
1025 6.1466532e-14
1026 6.1351747e-14
1027 6.1237543e-14
1028 6.1123351e-14
1029 6.1009325e-14
1030 6.0895342e-14
1031 6.0781924e-14
1032 6.0668588e-14
1033 6.0555706e-14
1034 6.0443157e-14
1035 6.0330799e-14
1036 6.0219045e-14
1037 6.0107441e-14
1038 5.999609e-14
1039 5.988489e-14
1040 5.9774236e-14
1041 5.966404e-14
1042 5.9553685e-14
1043 5.9443876e-14
1044 5.9334281e-14
1045 5.9224747e-14
1046 5.9115966e-14
1047 5.9007398e-14
1048 5.8898905e-14
1049 5.8791233e-14
1050 5.8683079e-14
1051 5.8575398e-14
1052 5.8468288e-14
1053 5.8361229e-14
1054 5.8254287e-14
1055 5.8147778e-14
1056 5.8041808e-14
1057 5.7935652e-14
1058 5.7829879e-14
1059 5.7724656e-14
1060 5.7619993e-14
1061 5.7515265e-14
1062 5.7410774e-14
1063 5.7306696e-14
1064 5.7203009e-14
1065 5.7099532e-14
1066 5.6996374e-14
1067 5.6893136e-14
1068 5.6790287e-14
1069 5.6687536e-14
1070 5.6585531e-14
1071 5.6483542e-14
1072 5.6381986e-14
1073 5.628054e-14
1074 5.6179478e-14
1075 5.6078755e-14
1076 5.5978154e-14
1077 5.5877645e-14
1078 5.5777563e-14
1079 5.5677631e-14
1080 5.5578236e-14
1081 5.5479044e-14
1082 5.5380045e-14
1083 5.5281427e-14
1084 5.5182924e-14
1085 5.508479e-14
1086 5.4987004e-14
1087 5.488943e-14
1088 5.4791823e-14
1089 5.4694865e-14
1090 5.4598167e-14
1091 5.4501692e-14
1092 5.4405401e-14
1093 5.4309539e-14
1094 5.421418e-14
1095 5.4118948e-14
1096 5.4023921e-14
1097 5.3928876e-14
1098 5.3834289e-14
1099 5.3739739e-14
1100 5.364572e-14
1101 5.3552071e-14
1102 5.3458293e-14
1103 5.3365136e-14
1104 5.3272121e-14
1105 5.3179352e-14
1106 5.3086962e-14
1107 5.2994938e-14
1108 5.2902966e-14
1109 5.2811259e-14
1110 5.2720019e-14
1111 5.2629274e-14
1112 5.253843e-14
1113 5.2448078e-14
1114 5.2358298e-14
1115 5.226823e-14
1116 5.2178416e-14
1117 5.2089328e-14
1118 5.2000143e-14
1119 5.1911269e-14
1120 5.1822497e-14
1121 5.1734016e-14
1122 5.1645796e-14
1123 5.1557785e-14
1124 5.1470015e-14
1125 5.138281e-14
1126 5.1295594e-14
1127 5.1208874e-14
1128 5.1122638e-14
1129 5.1036313e-14
1130 5.0950035e-14
1131 5.0864305e-14
1132 5.0778594e-14
1133 5.0693333e-14
1134 5.0608371e-14
1135 5.0523697e-14
1136 5.0439412e-14
1137 5.0355349e-14
1138 5.0271155e-14
1139 5.0187533e-14
1140 5.0104249e-14
1141 5.0021029e-14
1142 4.9938418e-14
1143 4.9855824e-14
1144 4.9773048e-14
1145 4.9691095e-14
1146 4.9608952e-14
1147 4.9527221e-14
1148 4.9446053e-14
1149 4.9365097e-14
1150 4.9284093e-14
1151 4.9203418e-14
1152 4.9123164e-14
1153 4.9042793e-14
1154 4.8962851e-14
1155 4.8882995e-14
1156 4.8803302e-14
1157 4.872413e-14
1158 4.8645309e-14
1159 4.8566579e-14
1160 4.8488147e-14
1161 4.8409977e-14
1162 4.8332015e-14
1163 4.825428e-14
1164 4.8176742e-14
1165 4.8099343e-14
1166 4.8022015e-14
1167 4.7945061e-14
1168 4.7868386e-14
1169 4.7791831e-14
1170 4.7715451e-14
1171 4.7639408e-14
1172 4.7563371e-14
1173 4.7487544e-14
1174 4.7412039e-14
1175 4.7336878e-14
1176 4.7261823e-14
1177 4.7187305e-14
1178 4.7112766e-14
1179 4.7038388e-14
1180 4.6964248e-14
1181 4.6890371e-14
1182 4.6816803e-14
1183 4.6743629e-14
1184 4.6670048e-14
1185 4.6596791e-14
1186 4.6523853e-14
1187 4.6451327e-14
1188 4.6378863e-14
1189 4.6306603e-14
1190 4.6234562e-14
1191 4.6162972e-14
1192 4.609112e-14
1193 4.6019585e-14
1194 4.5948232e-14
1195 4.5877177e-14
1196 4.5806255e-14
1197 4.5735075e-14
1198 4.5664663e-14
1199 4.5594169e-14
1200 4.5524199e-14
1201 4.545413e-14
1202 4.5384392e-14
1203 4.5314585e-14
1204 4.5245294e-14
1205 4.5176096e-14
1206 4.5107164e-14
1207 4.5038256e-14
1208 4.4969558e-14
1209 4.490115e-14
1210 4.4832787e-14
1211 4.4764623e-14
1212 4.4696611e-14
1213 4.4628648e-14
1214 4.4561006e-14
1215 4.4493586e-14
1216 4.4426097e-14
1217 4.4358881e-14
1218 4.4291826e-14
1219 4.4224951e-14
1220 4.4158286e-14
1221 4.409173e-14
1222 4.4025428e-14
1223 4.3959204e-14
1224 4.3893091e-14
1225 4.382714e-14
1226 4.3761614e-14
1227 4.3696001e-14
1228 4.3630571e-14
1229 4.3565257e-14
1230 4.3500048e-14
1231 4.3434868e-14
1232 4.3370001e-14
1233 4.3305403e-14
1234 4.3240775e-14
1235 4.31764e-14
1236 4.3112181e-14
1237 4.3048094e-14
1238 4.2984201e-14
1239 4.2920459e-14
1240 4.2856726e-14
1241 4.2793366e-14
1242 4.2730139e-14
1243 4.2667053e-14
1244 4.2604218e-14
1245 4.2541315e-14
1246 4.2478391e-14
1247 4.2415471e-14
1248 4.235288e-14
1249 4.2290438e-14
1250 4.2228215e-14
1251 4.216602e-14
1252 4.2103788e-14
1253 4.2041903e-14
1254 4.1980162e-14
1255 4.1918472e-14
1256 4.1856751e-14
1257 4.1795556e-14
1258 4.1734328e-14
1259 4.1673155e-14
1260 4.1611962e-14
1261 4.1551084e-14
1262 4.1490354e-14
1263 4.1429648e-14
1264 4.1369283e-14
1265 4.1308707e-14
1266 4.1248351e-14
1267 4.118821e-14
1268 4.1128237e-14
1269 4.1068251e-14
1270 4.1008321e-14
1271 4.0948479e-14
1272 4.0888629e-14
1273 4.0829105e-14
1274 4.0769684e-14
1275 4.0710372e-14
1276 4.0651208e-14
1277 4.0592195e-14
1278 4.0533264e-14
1279 4.0474214e-14
1280 4.0415608e-14
1281 4.0356828e-14
1282 4.0298279e-14
1283 4.0239775e-14
1284 4.0181521e-14
1285 4.0123269e-14
1286 4.0065077e-14
1287 4.0007093e-14
1288 3.994925e-14
1289 3.9891413e-14
1290 3.9833617e-14
1291 3.9776085e-14
1292 3.9718523e-14
1293 3.96611e-14
1294 3.9603698e-14
1295 3.9546499e-14
1296 3.9489391e-14
1297 3.9432397e-14
1298 3.937555e-14
1299 3.9318701e-14
1300 3.9262016e-14
1301 3.920534e-14
1302 3.9148771e-14
1303 3.9092256e-14
1304 3.9035937e-14
1305 3.8979718e-14
1306 3.8923457e-14
1307 3.8867339e-14
1308 3.8811443e-14
1309 3.8755443e-14
1310 3.8699621e-14
1311 3.8644033e-14
1312 3.8588443e-14
1313 3.8532911e-14
1314 3.8477493e-14
1315 3.8422247e-14
1316 3.8367145e-14
1317 3.8311928e-14
1318 3.825692e-14
1319 3.8202013e-14
1320 3.8147163e-14
1321 3.8092407e-14
1322 3.8037952e-14
1323 3.7983406e-14
1324 3.7928993e-14
1325 3.7874573e-14
1326 3.7820205e-14
1327 3.7766022e-14
1328 3.7712015e-14
1329 3.7657972e-14
1330 3.7603991e-14
1331 3.7550186e-14
1332 3.7496382e-14
1333 3.7442646e-14
1334 3.7389112e-14
1335 3.7335557e-14
1336 3.728219e-14
1337 3.7229023e-14
1338 3.7175861e-14
1339 3.7122716e-14
1340 3.7069684e-14
1341 3.7016573e-14
1342 3.6963687e-14
1343 3.6910885e-14
1344 3.6858201e-14
1345 3.6805717e-14
1346 3.6753355e-14
1347 3.6700995e-14
1348 3.6648524e-14
1349 3.6596371e-14
1350 3.6544267e-14
1351 3.6492286e-14
1352 3.6440328e-14
1353 3.6388494e-14
1354 3.6336783e-14
1355 3.6285214e-14
1356 3.6233723e-14
1357 3.6182259e-14
1358 3.6130805e-14
1359 3.6079591e-14
1360 3.6028349e-14
1361 3.5977193e-14
1362 3.5926203e-14
1363 3.587526e-14
1364 3.5824415e-14
1365 3.5773537e-14
1366 3.5722883e-14
1367 3.5672339e-14
1368 3.5621912e-14
1369 3.5571619e-14
1370 3.5521346e-14
1371 3.5471271e-14
1372 3.5421029e-14
1373 3.537096e-14
1374 3.532092e-14
1375 3.5271219e-14
1376 3.5221369e-14
1377 3.5171662e-14
1378 3.5122153e-14
1379 3.5072756e-14
1380 3.5023551e-14
1381 3.4974259e-14
1382 3.4925139e-14
1383 3.4876102e-14
1384 3.4827212e-14
1385 3.4778281e-14
1386 3.4729474e-14
1387 3.4680685e-14
1388 3.4632161e-14
1389 3.4583619e-14
1390 3.453518e-14
1391 3.4486881e-14
1392 3.4438671e-14
1393 3.439046e-14
1394 3.434248e-14
1395 3.42945e-14
1396 3.4246684e-14
1397 3.4198922e-14
1398 3.415132e-14
1399 3.4103901e-14
1400 3.4056578e-14
1401 3.4009165e-14
1402 3.3961873e-14
1403 3.391483e-14
1404 3.3867745e-14
1405 3.3820839e-14
1406 3.3774012e-14
1407 3.3727181e-14
1408 3.3680476e-14
1409 3.3633984e-14
1410 3.3587424e-14
1411 3.3541008e-14
1412 3.3494721e-14
1413 3.3448585e-14
1414 3.340267e-14
1415 3.3356567e-14
1416 3.3310697e-14
1417 3.326488e-14
1418 3.3219128e-14
1419 3.3173578e-14
1420 3.3128118e-14
1421 3.3082699e-14
1422 3.3037528e-14
1423 3.2992413e-14
1424 3.2947348e-14
1425 3.2902423e-14
1426 3.2857612e-14
1427 3.2812876e-14
1428 3.2768315e-14
1429 3.2723671e-14
1430 3.2679216e-14
1431 3.2634851e-14
1432 3.2590568e-14
1433 3.2546389e-14
1434 3.2502264e-14
1435 3.2458315e-14
1436 3.2414512e-14
1437 3.237076e-14
1438 3.2327063e-14
1439 3.228356e-14
1440 3.2240181e-14
1441 3.2196757e-14
1442 3.2153478e-14
1443 3.2110321e-14
1444 3.2067269e-14
1445 3.2024409e-14
1446 3.1981623e-14
1447 3.193885e-14
1448 3.1896175e-14
1449 3.1853562e-14
1450 3.1811116e-14
1451 3.1768829e-14
1452 3.1726509e-14
1453 3.1684464e-14
1454 3.1642388e-14
1455 3.160046e-14
1456 3.1558561e-14
1457 3.151689e-14
1458 3.1475153e-14
1459 3.1433546e-14
1460 3.1392008e-14
1461 3.135067e-14
1462 3.1309401e-14
1463 3.1268249e-14
1464 3.1227206e-14
1465 3.118625e-14
1466 3.1145278e-14
1467 3.1104384e-14
1468 3.106376e-14
1469 3.1023098e-14
1470 3.0982488e-14
1471 3.0942078e-14
1472 3.0901679e-14
1473 3.0861449e-14
1474 3.0821343e-14
1475 3.0781259e-14
1476 3.0741187e-14
1477 3.0701229e-14
1478 3.0661425e-14
1479 3.0621729e-14
1480 3.0582119e-14
1481 3.0542718e-14
1482 3.0503265e-14
1483 3.046391e-14
1484 3.0424623e-14
1485 3.0385504e-14
1486 3.0346472e-14
1487 3.0307412e-14
1488 3.0268525e-14
1489 3.0229756e-14
1490 3.0191086e-14
1491 3.0152474e-14
1492 3.0113963e-14
1493 3.0075464e-14
1494 3.0037087e-14
1495 2.9998804e-14
1496 2.9960617e-14
1497 2.9922479e-14
1498 2.9884368e-14
1499 2.9846458e-14
1500 2.9808551e-14
1501 2.9770818e-14
1502 2.9733206e-14
1503 2.9695597e-14
1504 2.9658024e-14
1505 2.9620564e-14
1506 2.9583125e-14
1507 2.9545787e-14
1508 2.9508607e-14
1509 2.947143e-14
1510 2.943436e-14
1511 2.9397428e-14
1512 2.9360456e-14
1513 2.9323586e-14
1514 2.9286856e-14
1515 2.9250138e-14
1516 2.9213503e-14
1517 2.9177013e-14
1518 2.914046e-14
1519 2.9104078e-14
1520 2.906773e-14
1521 2.9031472e-14
1522 2.8995333e-14
1523 2.8959167e-14
1524 2.8923126e-14
1525 2.8887103e-14
1526 2.8851226e-14
1527 2.8815315e-14
1528 2.8779538e-14
1529 2.8743847e-14
1530 2.8708242e-14
1531 2.8672704e-14
1532 2.8637262e-14
1533 2.8601719e-14
1534 2.8566345e-14
1535 2.8531072e-14
1536 2.8495854e-14
1537 2.8460627e-14
1538 2.8425486e-14
1539 2.8390484e-14
1540 2.8355504e-14
1541 2.8320548e-14
1542 2.8285711e-14
1543 2.8250963e-14
1544 2.8216198e-14
1545 2.8181508e-14
1546 2.8146864e-14
1547 2.8112299e-14
1548 2.8077785e-14
1549 2.8043416e-14
1550 2.8008981e-14
1551 2.7974681e-14
1552 2.794033e-14
1553 2.7906139e-14
1554 2.7871911e-14
1555 2.7837776e-14
1556 2.7803738e-14
1557 2.7769749e-14
1558 2.7735818e-14
1559 2.7701957e-14
1560 2.7668099e-14
1561 2.7634414e-14
1562 2.7600678e-14
1563 2.7566997e-14
1564 2.7533397e-14
1565 2.749983e-14
1566 2.7466348e-14
1567 2.7432908e-14
1568 2.7399507e-14
1569 2.7366172e-14
1570 2.7332793e-14
1571 2.7299576e-14
1572 2.7266435e-14
1573 2.7233211e-14
1574 2.7200135e-14
1575 2.7167088e-14
1576 2.7134088e-14
1577 2.7101129e-14
1578 2.7068197e-14
1579 2.7035339e-14
1580 2.7002509e-14
1581 2.6969744e-14
1582 2.6937047e-14
1583 2.6904419e-14
1584 2.6871751e-14
1585 2.6839145e-14
1586 2.6806591e-14
1587 2.6774058e-14
1588 2.6741617e-14
1589 2.6709245e-14
1590 2.6676926e-14
1591 2.6644594e-14
1592 2.6612334e-14
1593 2.6580021e-14
1594 2.6547755e-14
1595 2.6515563e-14
1596 2.648345e-14
1597 2.6451403e-14
1598 2.6419304e-14
1599 2.6387311e-14
1600 2.6355333e-14
1601 2.6323412e-14
1602 2.6291472e-14
1603 2.6259638e-14
1604 2.6227833e-14
1605 2.6196121e-14
1606 2.6164431e-14
1607 2.6132738e-14
1608 2.6101084e-14
1609 2.6069445e-14
1610 2.6037891e-14
1611 2.600635e-14
1612 2.5974922e-14
1613 2.5943512e-14
1614 2.5912092e-14
1615 2.5880695e-14
1616 2.5849361e-14
1617 2.5818049e-14
1618 2.5786849e-14
1619 2.5755617e-14
1620 2.572441e-14
1621 2.5693263e-14
1622 2.5662125e-14
1623 2.5631092e-14
1624 2.5600072e-14
1625 2.556906e-14
1626 2.5538122e-14
1627 2.5507272e-14
1628 2.5476345e-14
1629 2.544547e-14
1630 2.5414712e-14
1631 2.5383915e-14
1632 2.5353189e-14
1633 2.5322488e-14
1634 2.5291865e-14
1635 2.5261252e-14
1636 2.5230702e-14
1637 2.5200113e-14
1638 2.5169616e-14
1639 2.513922e-14
1640 2.5108818e-14
1641 2.5078446e-14
1642 2.5048156e-14
1643 2.5017798e-14
1644 2.4987509e-14
1645 2.4957287e-14
1646 2.492705e-14
1647 2.4896832e-14
1648 2.4866709e-14
1649 2.4836648e-14
1650 2.4806629e-14
1651 2.4776646e-14
1652 2.474665e-14
1653 2.4716736e-14
1654 2.4686852e-14
1655 2.4656925e-14
1656 2.462711e-14
1657 2.4597308e-14
1658 2.4567645e-14
1659 2.453798e-14
1660 2.4508294e-14
1661 2.4478646e-14
1662 2.4448997e-14
1663 2.4419454e-14
1664 2.4389889e-14
1665 2.4360411e-14
1666 2.4331e-14
1667 2.4301637e-14
1668 2.4272255e-14
1669 2.4242917e-14
1670 2.4213586e-14
1671 2.4184305e-14
1672 2.4155069e-14
1673 2.4125902e-14
1674 2.4096758e-14
1675 2.4067749e-14
1676 2.4038708e-14
1677 2.4009712e-14
1678 2.3980757e-14
1679 2.3951838e-14
1680 2.3922956e-14
1681 2.3894101e-14
1682 2.3865264e-14
1683 2.383649e-14
1684 2.3807813e-14
1685 2.377913e-14
1686 2.3750581e-14
1687 2.3722033e-14
1688 2.3693498e-14
1689 2.366503e-14
1690 2.3636572e-14
1691 2.3608165e-14
1692 2.3579771e-14
1693 2.3551491e-14
1694 2.3523205e-14
1695 2.3494986e-14
1696 2.3466845e-14
1697 2.3438705e-14
1698 2.3410621e-14
1699 2.3382542e-14
1700 2.3354558e-14
1701 2.3326618e-14
1702 2.3298669e-14
1703 2.3270782e-14
1704 2.3242988e-14
1705 2.3215214e-14
1706 2.318743e-14
1707 2.3159765e-14
1708 2.3132129e-14
1709 2.310455e-14
1710 2.3077043e-14
1711 2.3049519e-14
1712 2.3022122e-14
1713 2.2994776e-14
1714 2.2967446e-14
1715 2.2940124e-14
1716 2.291291e-14
1717 2.28857e-14
1718 2.285853e-14
1719 2.2831426e-14
1720 2.2804338e-14
1721 2.2777335e-14
1722 2.2750396e-14
1723 2.2723481e-14
1724 2.2696596e-14
1725 2.2669781e-14
1726 2.2642955e-14
1727 2.2616276e-14
1728 2.2589652e-14
1729 2.2563043e-14
1730 2.2536444e-14
1731 2.2509976e-14
1732 2.2483505e-14
1733 2.2457073e-14
1734 2.2430717e-14
1735 2.2404416e-14
1736 2.2378164e-14
1737 2.2351976e-14
1738 2.2325823e-14
1739 2.2299746e-14
1740 2.2273688e-14
1741 2.2247683e-14
1742 2.2221765e-14
1743 2.2195876e-14
1744 2.2170034e-14
1745 2.2144233e-14
1746 2.2118506e-14
1747 2.2092847e-14
1748 2.2067208e-14
1749 2.204164e-14
1750 2.2016107e-14
1751 2.1990634e-14
1752 2.1965203e-14
1753 2.1939821e-14
1754 2.1914483e-14
1755 2.1889238e-14
1756 2.1864e-14
1757 2.183885e-14
1758 2.1813768e-14
1759 2.1788688e-14
1760 2.1763707e-14
1761 2.1738756e-14
1762 2.1713851e-14
1763 2.1689024e-14
1764 2.1664212e-14
1765 2.1639482e-14
1766 2.1614809e-14
1767 2.1590219e-14
1768 2.1565674e-14
1769 2.1541159e-14
1770 2.1516656e-14
1771 2.1492236e-14
1772 2.1467868e-14
1773 2.1443543e-14
1774 2.1419284e-14
1775 2.1395074e-14
1776 2.1370934e-14
1777 2.1346829e-14
1778 2.1322819e-14
1779 2.1298829e-14
1780 2.1274877e-14
1781 2.1250979e-14
1782 2.1227106e-14
1783 2.1203326e-14
1784 2.1179622e-14
1785 2.1155973e-14
1786 2.1132326e-14
1787 2.110875e-14
1788 2.1085238e-14
1789 2.1061761e-14
1790 2.1038336e-14
1791 2.101497e-14
1792 2.099166e-14
1793 2.0968378e-14
1794 2.0945242e-14
1795 2.092209e-14
1796 2.0899e-14
1797 2.0875958e-14
1798 2.0852963e-14
1799 2.0830011e-14
1800 2.0807132e-14
1801 2.0784289e-14
1802 2.0761523e-14
1803 2.0738764e-14
1804 2.0716059e-14
1805 2.0693378e-14
1806 2.0670765e-14
1807 2.0648243e-14
1808 2.062574e-14
1809 2.0603302e-14
1810 2.0580913e-14
1811 2.0558546e-14
1812 2.0536206e-14
1813 2.0513959e-14
1814 2.0491704e-14
1815 2.0469491e-14
1816 2.0447374e-14
1817 2.0425297e-14
1818 2.0403297e-14
1819 2.0381284e-14
1820 2.0359324e-14
1821 2.0337447e-14
1822 2.0315615e-14
1823 2.0293849e-14
1824 2.0272106e-14
1825 2.0250386e-14
1826 2.0228699e-14
1827 2.0207088e-14
1828 2.0185522e-14
1829 2.0164042e-14
1830 2.014257e-14
1831 2.0121131e-14
1832 2.0099766e-14
1833 2.0078407e-14
1834 2.0057128e-14
1835 2.0035897e-14
1836 2.0014712e-14
1837 1.9993565e-14
1838 1.9972467e-14
1839 1.9951408e-14
1840 1.993038e-14
1841 1.9909363e-14
1842 1.98884e-14
1843 1.9867466e-14
1844 1.9846603e-14
1845 1.9825783e-14
1846 1.9805012e-14
1847 1.9784252e-14
1848 1.9763558e-14
1849 1.9742908e-14
1850 1.9722281e-14
1851 1.9701735e-14
1852 1.9681225e-14
1853 1.9660758e-14
1854 1.9640298e-14
1855 1.9619885e-14
1856 1.9599504e-14
1857 1.9579204e-14
1858 1.9558882e-14
1859 1.9538606e-14
1860 1.9518378e-14
1861 1.9498243e-14
1862 1.9478052e-14
1863 1.9457936e-14
1864 1.9437889e-14
1865 1.9417862e-14
1866 1.9397845e-14
1867 1.9377875e-14
1868 1.9357925e-14
1869 1.9338019e-14
1870 1.9318196e-14
1871 1.9298355e-14
1872 1.9278531e-14
1873 1.9258795e-14
1874 1.9239081e-14
1875 1.9219404e-14
1876 1.9199752e-14
1877 1.9180136e-14
1878 1.9160553e-14
1879 1.9141009e-14
1880 1.9121504e-14
1881 1.9102004e-14
1882 1.9082549e-14
1883 1.9063131e-14
1884 1.904374e-14
1885 1.9024387e-14
1886 1.9005052e-14
1887 1.8985743e-14
1888 1.8966519e-14
1889 1.8947291e-14
1890 1.8928072e-14
1891 1.8908872e-14
1892 1.8889774e-14
1893 1.8870669e-14
1894 1.8851579e-14
1895 1.8832549e-14
1896 1.8813521e-14
1897 1.8794528e-14
1898 1.8775525e-14
1899 1.8756622e-14
1900 1.8737715e-14
1901 1.8718852e-14
1902 1.8700023e-14
1903 1.8681228e-14
1904 1.8662421e-14
1905 1.8643645e-14
1906 1.862491e-14
1907 1.8606217e-14
1908 1.8587507e-14
1909 1.8568832e-14
1910 1.8550219e-14
1911 1.8531612e-14
1912 1.8513001e-14
1913 1.8494458e-14
1914 1.8475944e-14
1915 1.8457441e-14
1916 1.8438956e-14
1917 1.8420484e-14
1918 1.840208e-14
1919 1.8383675e-14
1920 1.8365305e-14
1921 1.8346899e-14
1922 1.8328563e-14
1923 1.831027e-14
1924 1.8291985e-14
1925 1.8273732e-14
1926 1.8255518e-14
1927 1.8237275e-14
1928 1.8219067e-14
1929 1.8200876e-14
1930 1.818273e-14
1931 1.8164622e-14
1932 1.8146525e-14
1933 1.812844e-14
1934 1.8110395e-14
1935 1.8092363e-14
1936 1.8074361e-14
1937 1.8056388e-14
1938 1.8038425e-14
1939 1.8020503e-14
1940 1.8002591e-14
1941 1.7984708e-14
1942 1.7966832e-14
1943 1.7948981e-14
1944 1.7931167e-14
1945 1.7913374e-14
1946 1.7895572e-14
1947 1.7877812e-14
1948 1.7860078e-14
1949 1.7842355e-14
1950 1.7824623e-14
1951 1.7806916e-14
1952 1.7789258e-14
1953 1.7771655e-14
1954 1.7754025e-14
1955 1.7736404e-14
1956 1.7718829e-14
1957 1.7701261e-14
1958 1.7683733e-14
1959 1.766622e-14
1960 1.7648736e-14
1961 1.7631253e-14
1962 1.7613813e-14
1963 1.7596373e-14
1964 1.7578975e-14
1965 1.7561561e-14
1966 1.7544192e-14
1967 1.7526824e-14
1968 1.7509484e-14
1969 1.7492197e-14
1970 1.7474911e-14
1971 1.7457629e-14
1972 1.744035e-14
1973 1.7423145e-14
1974 1.7405929e-14
1975 1.7388756e-14
1976 1.7371588e-14
1977 1.7354434e-14
1978 1.7337293e-14
1979 1.7320182e-14
1980 1.7303093e-14
1981 1.7286009e-14
1982 1.7268964e-14
1983 1.725194e-14
1984 1.7234879e-14
1985 1.7217875e-14
1986 1.720093e-14
1987 1.7183979e-14
1988 1.7167035e-14
1989 1.7150129e-14
1990 1.7133258e-14
1991 1.7116398e-14
1992 1.7099539e-14
1993 1.7082717e-14
1994 1.7065913e-14
1995 1.7049142e-14
1996 1.7032419e-14
1997 1.7015684e-14
1998 1.699896e-14
1999 1.6982269e-14
2000 1.6965561e-14
2001 1.6948929e-14
2002 1.6932312e-14
2003 1.6915713e-14
2004 1.689911e-14
2005 1.6882542e-14
2006 1.6865986e-14
2007 1.6849475e-14
2008 1.6832974e-14
2009 1.6816513e-14
2010 1.6800046e-14
2011 1.6783616e-14
2012 1.6767199e-14
2013 1.6750792e-14
2014 1.6734452e-14
2015 1.6718113e-14
2016 1.6701805e-14
2017 1.6685509e-14
2018 1.6669222e-14
2019 1.6652968e-14
2020 1.6636741e-14
2021 1.662053e-14
2022 1.6604339e-14
2023 1.6588199e-14
2024 1.6572084e-14
2025 1.6555969e-14
2026 1.65399e-14
2027 1.6523827e-14
2028 1.6507787e-14
2029 1.6491764e-14
2030 1.6475787e-14
2031 1.6459795e-14
2032 1.6443855e-14
2033 1.6427928e-14
2034 1.6412027e-14
2035 1.6396153e-14
2036 1.6380318e-14
2037 1.6364493e-14
2038 1.6348684e-14
2039 1.6332913e-14
2040 1.6317158e-14
2041 1.6301445e-14
2042 1.6285727e-14
2043 1.6270079e-14
2044 1.6254457e-14
2045 1.6238829e-14
2046 1.6223223e-14
2047 1.6207651e-14
2048 1.6192102e-14
2049 1.6176582e-14
2050 1.6161091e-14
2051 1.6145609e-14
2052 1.6130188e-14
2053 1.6114778e-14
2054 1.609939e-14
2055 1.6084032e-14
2056 1.6068692e-14
2057 1.6053367e-14
2058 1.6038078e-14
2059 1.6022807e-14
2060 1.6007579e-14
2061 1.5992345e-14
2062 1.5977156e-14
2063 1.5961994e-14
2064 1.5946858e-14
2065 1.5931758e-14
2066 1.5916662e-14
2067 1.5901635e-14
2068 1.588661e-14
2069 1.5871645e-14
2070 1.5856678e-14
2071 1.5841722e-14
2072 1.5826795e-14
2073 1.5811903e-14
2074 1.5797045e-14
2075 1.5782206e-14
2076 1.5767411e-14
2077 1.5752639e-14
2078 1.5737879e-14
2079 1.5723169e-14
2080 1.5708456e-14
2081 1.5693758e-14
2082 1.5679103e-14
2083 1.5664472e-14
2084 1.5649854e-14
2085 1.5635293e-14
2086 1.5620753e-14
2087 1.560626e-14
2088 1.5591761e-14
2089 1.557732e-14
2090 1.5562916e-14
2091 1.5548544e-14
2092 1.5534156e-14
2093 1.5519817e-14
2094 1.5505489e-14
2095 1.5491194e-14
2096 1.5476924e-14
2097 1.5462684e-14
2098 1.5448458e-14
2099 1.5434272e-14
2100 1.5420117e-14
2101 1.5406004e-14
2102 1.5391893e-14
2103 1.537782e-14
2104 1.5363788e-14
2105 1.5349761e-14
2106 1.5335763e-14
2107 1.5321806e-14
2108 1.5307887e-14
2109 1.529399e-14
2110 1.528011e-14
2111 1.5266242e-14
2112 1.5252419e-14
2113 1.5238623e-14
2114 1.5224858e-14
2115 1.5211129e-14
2116 1.5197418e-14
2117 1.5183744e-14
2118 1.5170067e-14
2119 1.5156454e-14
2120 1.5142854e-14
2121 1.5129278e-14
2122 1.5115729e-14
2123 1.5102223e-14
2124 1.5088737e-14
2125 1.5075274e-14
2126 1.5061807e-14
2127 1.5048378e-14
2128 1.5034977e-14
2129 1.5021609e-14
2130 1.5008262e-14
2131 1.4994962e-14
2132 1.4981681e-14
2133 1.4968419e-14
2134 1.4955179e-14
2135 1.4941959e-14
2136 1.4928745e-14
2137 1.4915612e-14
2138 1.4902484e-14
2139 1.4889376e-14
2140 1.4876304e-14
2141 1.4863247e-14
2142 1.4850194e-14
2143 1.4837187e-14
2144 1.4824208e-14
2145 1.4811245e-14
2146 1.4798317e-14
2147 1.4785417e-14
2148 1.477253e-14
2149 1.4759676e-14
2150 1.4746852e-14
2151 1.4734034e-14
2152 1.472125e-14
2153 1.4708491e-14
2154 1.4695754e-14
2155 1.4683048e-14
2156 1.467037e-14
2157 1.465771e-14
2158 1.4645059e-14
2159 1.4632436e-14
2160 1.4619851e-14
2161 1.4607303e-14
2162 1.4594743e-14
2163 1.4582232e-14
2164 1.4569746e-14
2165 1.4557282e-14
2166 1.454482e-14
2167 1.4532402e-14
2168 1.4519986e-14
2169 1.4507583e-14
2170 1.4495225e-14
2171 1.448287e-14
2172 1.4470553e-14
2173 1.4458257e-14
2174 1.4445987e-14
2175 1.4433731e-14
2176 1.44215e-14
2177 1.4409308e-14
2178 1.4397107e-14
2179 1.4384909e-14
2180 1.4372779e-14
2181 1.4360633e-14
2182 1.4348527e-14
2183 1.4336446e-14
2184 1.4324391e-14
2185 1.4312337e-14
2186 1.4300317e-14
2187 1.4288317e-14
2188 1.4276335e-14
2189 1.4264371e-14
2190 1.4252428e-14
2191 1.424051e-14
2192 1.4228593e-14
2193 1.4216699e-14
2194 1.4204824e-14
2195 1.4192986e-14
2196 1.4181157e-14
2197 1.4169357e-14
2198 1.4157569e-14
2199 1.4145797e-14
2200 1.4134046e-14
2201 1.4122302e-14
2202 1.4110592e-14
2203 1.4098902e-14
2204 1.4087223e-14
2205 1.4075562e-14
2206 1.4063917e-14
2207 1.4052283e-14
2208 1.4040664e-14
2209 1.4029072e-14
2210 1.401749e-14
2211 1.4005924e-14
2212 1.3994392e-14
2213 1.3982869e-14
2214 1.3971358e-14
2215 1.3959865e-14
2216 1.3948392e-14
2217 1.3936914e-14
2218 1.3925465e-14
2219 1.3914047e-14
2220 1.3902614e-14
2221 1.3891203e-14
2222 1.3879818e-14
2223 1.3868456e-14
2224 1.3857107e-14
2225 1.3845769e-14
2226 1.3834435e-14
2227 1.3823129e-14
2228 1.3811838e-14
2229 1.3800547e-14
2230 1.3789269e-14
2231 1.3778026e-14
2232 1.376678e-14
2233 1.3755558e-14
2234 1.3744348e-14
2235 1.3733145e-14
2236 1.3721945e-14
2237 1.3710779e-14
2238 1.3699612e-14
2239 1.3688479e-14
2240 1.3677338e-14
2241 1.3666216e-14
2242 1.365511e-14
2243 1.3644023e-14
2244 1.3632934e-14
2245 1.362186e-14
2246 1.3610781e-14
2247 1.3599726e-14
2248 1.3588687e-14
2249 1.3577686e-14
2250 1.3566676e-14
2251 1.3555678e-14
2252 1.3544682e-14
2253 1.3533702e-14
2254 1.3522737e-14
2255 1.3511783e-14
2256 1.3500838e-14
2257 1.3489913e-14
2258 1.3478997e-14
2259 1.3468067e-14
2260 1.3457166e-14
2261 1.344627e-14
2262 1.3435386e-14
2263 1.3424517e-14
2264 1.3413666e-14
2265 1.3402815e-14
2266 1.3391985e-14
2267 1.3381155e-14
2268 1.3370341e-14
2269 1.3359541e-14
2270 1.3348735e-14
2271 1.3337958e-14
2272 1.3327192e-14
2273 1.3316428e-14
2274 1.3305683e-14
2275 1.3294932e-14
2276 1.3284199e-14
2277 1.3273494e-14
2278 1.3262801e-14
2279 1.3252107e-14
2280 1.3241422e-14
2281 1.3230737e-14
2282 1.3220056e-14
2283 1.3209392e-14
2284 1.3198744e-14
2285 1.3188112e-14
2286 1.3177485e-14
2287 1.3166884e-14
2288 1.3156281e-14
2289 1.3145686e-14
2290 1.3135093e-14
2291 1.312451e-14
2292 1.3113946e-14
2293 1.3103389e-14
2294 1.3092836e-14
2295 1.3082306e-14
2296 1.307178e-14
2297 1.3061258e-14
2298 1.3050747e-14
2299 1.3040242e-14
2300 1.3029763e-14
2301 1.3019282e-14
2302 1.3008815e-14
2303 1.2998354e-14
2304 1.2987906e-14
2305 1.2977474e-14
2306 1.2967053e-14
2307 1.2956647e-14
2308 1.2946228e-14
2309 1.2935834e-14
2310 1.2925459e-14
2311 1.2915098e-14
2312 1.2904726e-14
2313 1.2894376e-14
2314 1.2884042e-14
2315 1.2873705e-14
2316 1.2863395e-14
2317 1.2853091e-14
2318 1.284281e-14
2319 1.2832531e-14
2320 1.2822254e-14
2321 1.2811997e-14
2322 1.2801758e-14
2323 1.2791526e-14
2324 1.2781298e-14
2325 1.2771078e-14
2326 1.276089e-14
2327 1.2750707e-14
2328 1.2740524e-14
2329 1.2730362e-14
2330 1.27202e-14
2331 1.2710042e-14
2332 1.2699913e-14
2333 1.2689801e-14
2334 1.2679694e-14
2335 1.2669605e-14
2336 1.2659527e-14
2337 1.2649457e-14
2338 1.2639395e-14
2339 1.2629358e-14
2340 1.2619339e-14
2341 1.2609327e-14
2342 1.2599303e-14
2343 1.2589317e-14
2344 1.2579345e-14
2345 1.2569385e-14
2346 1.255944e-14
2347 1.2549512e-14
2348 1.2539609e-14
2349 1.2529693e-14
2350 1.2519803e-14
2351 1.2509922e-14
2352 1.2500052e-14
2353 1.2490212e-14
2354 1.2480374e-14
2355 1.2470563e-14
2356 1.2460757e-14
2357 1.2450956e-14
2358 1.2441178e-14
2359 1.2431418e-14
2360 1.2421668e-14
2361 1.2411938e-14
2362 1.240222e-14
2363 1.239253e-14
2364 1.2382845e-14
2365 1.2373199e-14
2366 1.2363555e-14
2367 1.2353929e-14
2368 1.2344315e-14
2369 1.2334722e-14
2370 1.2325136e-14
2371 1.2315555e-14
2372 1.2306009e-14
2373 1.2296487e-14
2374 1.2286984e-14
2375 1.227749e-14
2376 1.2268017e-14
2377 1.2258564e-14
2378 1.2249129e-14
2379 1.2239712e-14
2380 1.2230311e-14
2381 1.2220921e-14
2382 1.221155e-14
2383 1.2202209e-14
2384 1.2192883e-14
2385 1.2183572e-14
2386 1.2174279e-14
2387 1.2165018e-14
2388 1.215577e-14
2389 1.2146533e-14
2390 1.213731e-14
2391 1.2128124e-14
2392 1.2118952e-14
2393 1.2109815e-14
2394 1.210069e-14
2395 1.2091592e-14
2396 1.2082493e-14
2397 1.2073425e-14
2398 1.206439e-14
2399 1.2055368e-14
2400 1.2046365e-14
2401 1.203738e-14
2402 1.2028419e-14
2403 1.2019483e-14
2404 1.2010564e-14
2405 1.2001664e-14
2406 1.199278e-14
2407 1.1983933e-14
2408 1.19751e-14
2409 1.1966291e-14
2410 1.1957518e-14
2411 1.1948756e-14
2412 1.1940022e-14
2413 1.1931294e-14
2414 1.1922596e-14
2415 1.1913909e-14
2416 1.1905264e-14
2417 1.1896641e-14
2418 1.1888052e-14
2419 1.1879478e-14
2420 1.1870913e-14
2421 1.186239e-14
2422 1.1853879e-14
2423 1.1845399e-14
2424 1.1836937e-14
2425 1.1828507e-14
2426 1.1820093e-14
2427 1.1811706e-14
2428 1.1803343e-14
2429 1.1795009e-14
2430 1.1786694e-14
2431 1.17784e-14
2432 1.1770143e-14
2433 1.1761899e-14
2434 1.1753682e-14
2435 1.1745505e-14
2436 1.1737347e-14
2437 1.1729213e-14
2438 1.1721105e-14
2439 1.1713026e-14
2440 1.1704971e-14
2441 1.1696938e-14
2442 1.1688934e-14
2443 1.1680941e-14
2444 1.1672981e-14
2445 1.1665042e-14
2446 1.1657138e-14
2447 1.1649253e-14
2448 1.1641406e-14
2449 1.1633575e-14
2450 1.1625766e-14
2451 1.1617995e-14
2452 1.1610241e-14
2453 1.1602506e-14
2454 1.159481e-14
2455 1.1587135e-14
2456 1.157947e-14
2457 1.157185e-14
2458 1.1564261e-14
2459 1.1556693e-14
2460 1.1549152e-14
2461 1.1541639e-14
2462 1.1534149e-14
2463 1.1526691e-14
2464 1.1519248e-14
2465 1.1511838e-14
2466 1.1504451e-14
2467 1.1497091e-14
2468 1.1489768e-14
2469 1.148246e-14
2470 1.147519e-14
2471 1.1467935e-14
2472 1.1460717e-14
2473 1.1453522e-14
2474 1.1446351e-14
2475 1.1439203e-14
2476 1.1432083e-14
2477 1.1425007e-14
2478 1.1417944e-14
2479 1.1410916e-14
2480 1.1403909e-14
2481 1.1396929e-14
2482 1.1389979e-14
2483 1.138306e-14
2484 1.1376159e-14
2485 1.1369274e-14
2486 1.1362428e-14
2487 1.1355612e-14
2488 1.1348819e-14
2489 1.1342046e-14
2490 1.1335302e-14
2491 1.1328585e-14
2492 1.1321884e-14
2493 1.1315211e-14
2494 1.1308575e-14
2495 1.1301981e-14
2496 1.1295381e-14
2497 1.1288815e-14
2498 1.1282277e-14
2499 1.127576e-14
2500 1.1269275e-14
2501 1.1262805e-14
2502 1.1256366e-14
2503 1.124996e-14
2504 1.1243565e-14
2505 1.1237201e-14
2506 1.1230862e-14
2507 1.1224546e-14
2508 1.1218253e-14
2509 1.1211997e-14
2510 1.1205767e-14
2511 1.1199563e-14
2512 1.119337e-14
2513 1.1187208e-14
2514 1.1181072e-14
2515 1.1174955e-14
2516 1.1168868e-14
2517 1.1162797e-14
2518 1.1156753e-14
2519 1.1150728e-14
2520 1.1144731e-14
2521 1.1138748e-14
2522 1.1132792e-14
2523 1.1126858e-14
2524 1.1120943e-14
2525 1.1115051e-14
2526 1.1109177e-14
2527 1.1103337e-14
2528 1.1097521e-14
2529 1.1091725e-14
2530 1.1085959e-14
2531 1.10802e-14
2532 1.1074469e-14
2533 1.1068749e-14
2534 1.1063059e-14
2535 1.1057383e-14
2536 1.1051728e-14
2537 1.1046104e-14
2538 1.1040493e-14
2539 1.1034907e-14
2540 1.1029344e-14
2541 1.1023791e-14
2542 1.1018255e-14
2543 1.1012747e-14
2544 1.100725e-14
2545 1.100177e-14
2546 1.0996312e-14
2547 1.0990884e-14
2548 1.0985456e-14
2549 1.0980046e-14
2550 1.0974664e-14
2551 1.0969299e-14
2552 1.0963948e-14
2553 1.0958609e-14
2554 1.0953303e-14
2555 1.0947989e-14
2556 1.0942709e-14
2557 1.0937444e-14
2558 1.0932186e-14
2559 1.0926956e-14
2560 1.0921732e-14
2561 1.091653e-14
2562 1.0911337e-14
2563 1.0906162e-14
2564 1.0900999e-14
2565 1.0895858e-14
2566 1.0890724e-14
2567 1.08856e-14
2568 1.0880503e-14
2569 1.0875414e-14
2570 1.0870336e-14
2571 1.0865272e-14
2572 1.0860214e-14
2573 1.0855182e-14
2574 1.0850167e-14
2575 1.0845164e-14
2576 1.0840164e-14
2577 1.0835175e-14
2578 1.0830201e-14
2579 1.0825236e-14
2580 1.0820283e-14
2581 1.0815349e-14
2582 1.0810423e-14
2583 1.0805501e-14
2584 1.080059e-14
2585 1.0795699e-14
2586 1.0790821e-14
2587 1.0785954e-14
2588 1.0781083e-14
2589 1.0776224e-14
2590 1.0771375e-14
2591 1.0766536e-14
2592 1.0761707e-14
2593 1.0756885e-14
2594 1.075208e-14
2595 1.0747278e-14
2596 1.0742483e-14
2597 1.0737699e-14
2598 1.0732933e-14
2599 1.0728166e-14
2600 1.0723398e-14
2601 1.0718647e-14
2602 1.071391e-14
2603 1.0709176e-14
2604 1.0704448e-14
2605 1.0699723e-14
2606 1.0695016e-14
2607 1.0690311e-14
2608 1.0685613e-14
2609 1.0680914e-14
2610 1.0676229e-14
2611 1.0671543e-14
2612 1.0666859e-14
2613 1.066219e-14
2614 1.0657529e-14
2615 1.0652867e-14
2616 1.0648212e-14
2617 1.0643552e-14
2618 1.0638911e-14
2619 1.0634263e-14
2620 1.0629629e-14
2621 1.0625009e-14
2622 1.0620382e-14
2623 1.0615758e-14
2624 1.061114e-14
2625 1.0606535e-14
2626 1.0601932e-14
2627 1.0597322e-14
2628 1.0592725e-14
2629 1.0588131e-14
2630 1.0583541e-14
2631 1.0578951e-14
2632 1.0574374e-14
2633 1.0569789e-14
2634 1.0565206e-14
2635 1.0560623e-14
2636 1.0556051e-14
2637 1.0551481e-14
2638 1.0546912e-14
2639 1.0542352e-14
2640 1.053779e-14
2641 1.0533231e-14
2642 1.0528677e-14
2643 1.0524122e-14
2644 1.051957e-14
2645 1.0515028e-14
2646 1.0510496e-14
2647 1.0505952e-14
2648 1.0501415e-14
2649 1.0496884e-14
2650 1.049235e-14
2651 1.0487814e-14
2652 1.0483297e-14
2653 1.0478778e-14
2654 1.0474259e-14
2655 1.0469737e-14
2656 1.0465224e-14
2657 1.0460705e-14
2658 1.0456203e-14
2659 1.0451691e-14
2660 1.0447185e-14
2661 1.0442677e-14
2662 1.0438168e-14
2663 1.0433674e-14
2664 1.0429174e-14
2665 1.0424689e-14
2666 1.0420193e-14
2667 1.0415705e-14
2668 1.0411228e-14
2669 1.0406744e-14
2670 1.0402271e-14
2671 1.0397796e-14
2672 1.0393326e-14
2673 1.0388854e-14
2674 1.0384388e-14
2675 1.0379927e-14
2676 1.0375469e-14
2677 1.0371016e-14
2678 1.0366565e-14
2679 1.036212e-14
2680 1.0357672e-14
2681 1.0353235e-14
2682 1.0348802e-14
2683 1.0344374e-14
2684 1.0339942e-14
2685 1.0335513e-14
2686 1.0331094e-14
2687 1.0326682e-14
2688 1.0322269e-14
2689 1.0317859e-14
2690 1.031346e-14
2691 1.0309058e-14
2692 1.0304664e-14
2693 1.0300275e-14
2694 1.0295893e-14
2695 1.0291522e-14
2696 1.0287158e-14
2697 1.0282796e-14
2698 1.0278441e-14
2699 1.0274089e-14
2700 1.0269745e-14
2701 1.0265405e-14
2702 1.0261076e-14
2703 1.0256752e-14
2704 1.0252429e-14
2705 1.0248119e-14
2706 1.0243822e-14
2707 1.0239522e-14
2708 1.0235231e-14
2709 1.0230944e-14
2710 1.0226665e-14
2711 1.0222394e-14
2712 1.0218136e-14
2713 1.0213877e-14
2714 1.0209628e-14
2715 1.0205388e-14
2716 1.0201158e-14
2717 1.019694e-14
2718 1.0192717e-14
2719 1.0188515e-14
2720 1.0184327e-14
2721 1.0180145e-14
2722 1.0175972e-14
2723 1.0171815e-14
2724 1.0167657e-14
2725 1.0163518e-14
2726 1.015938e-14
2727 1.0155261e-14
2728 1.0151153e-14
2729 1.0147054e-14
2730 1.0142965e-14
2731 1.0138887e-14
2732 1.0134828e-14
2733 1.0130767e-14
2734 1.0126724e-14
2735 1.0122693e-14
2736 1.011868e-14
2737 1.0114671e-14
2738 1.0110677e-14
2739 1.0106693e-14
2740 1.010273e-14
2741 1.0098781e-14
2742 1.0094842e-14
2743 1.0090912e-14
2744 1.0086991e-14
2745 1.0083097e-14
2746 1.0079203e-14
2747 1.007533e-14
2748 1.0071466e-14
2749 1.0067621e-14
2750 1.0063779e-14
2751 1.0059964e-14
2752 1.0056169e-14
2753 1.0052379e-14
2754 1.0048607e-14
2755 1.0044847e-14
2756 1.0041112e-14
2757 1.0037379e-14
2758 1.0033672e-14
2759 1.0029972e-14
2760 1.002629e-14
2761 1.002263e-14
2762 1.0018986e-14
2763 1.0015363e-14
2764 1.0011752e-14
2765 1.0008156e-14
2766 1.0004577e-14
2767 1.0001016e-14
2768 9.997476e-15
2769 9.9939505e-15
2770 9.9904386e-15
2771 9.9869454e-15
2772 9.9834694e-15
2773 9.9800138e-15
2774 9.9765684e-15
2775 9.9731527e-15
2776 9.9697458e-15
2777 9.9663595e-15
2778 9.9629887e-15
2779 9.9596419e-15
2780 9.9563119e-15
2781 9.9529952e-15
2782 9.9496927e-15
2783 9.9464176e-15
2784 9.9431579e-15
2785 9.9399183e-15
2786 9.9366991e-15
2787 9.9334991e-15
2788 9.9303168e-15
2789 9.927156e-15
2790 9.9240044e-15
2791 9.9208775e-15
2792 9.917775e-15
2793 9.9146918e-15
2794 9.9116228e-15
2795 9.9085659e-15
2796 9.9055422e-15
2797 9.9025281e-15
2798 9.8995364e-15
2799 9.8965647e-15
2800 9.8936037e-15
2801 9.8906675e-15
2802 9.8877484e-15
2803 9.8848489e-15
2804 9.8819738e-15
2805 9.8791175e-15
2806 9.8762866e-15
2807 9.8734616e-15
2808 9.8706585e-15
2809 9.8678752e-15
2810 9.8651127e-15
2811 9.8623671e-15
2812 9.8596386e-15
2813 9.8569278e-15
2814 9.8542405e-15
2815 9.8515779e-15
2816 9.8489305e-15
2817 9.8463021e-15
2818 9.8436933e-15
2819 9.8410965e-15
2820 9.8385147e-15
2821 9.8359621e-15
2822 9.8334274e-15
2823 9.8308975e-15
2824 9.8283959e-15
2825 9.8259155e-15
2826 9.8234472e-15
2827 9.8210047e-15
2828 9.8185727e-15
2829 9.8161591e-15
2830 9.8137558e-15
2831 9.8113723e-15
2832 9.8090097e-15
2833 9.8066633e-15
2834 9.8043316e-15
2835 9.8020153e-15
2836 9.7997185e-15
2837 9.7974393e-15
2838 9.7951799e-15
2839 9.7929348e-15
2840 9.7907032e-15
2841 9.78849e-15
2842 9.7862885e-15
2843 9.7841093e-15
2844 9.7819373e-15
2845 9.7797868e-15
2846 9.777649e-15
2847 9.775527e-15
2848 9.7734211e-15
2849 9.7713277e-15
2850 9.7692455e-15
2851 9.7671748e-15
2852 9.7651172e-15
2853 9.7630822e-15
2854 9.7610568e-15
2855 9.7590414e-15
2856 9.7570392e-15
2857 9.7550494e-15
2858 9.7530686e-15
2859 9.7511026e-15
2860 9.749146e-15
2861 9.7471999e-15
2862 9.7452672e-15
2863 9.7433436e-15
2864 9.7414368e-15
2865 9.7395389e-15
2866 9.7376511e-15
2867 9.7357698e-15
2868 9.7339008e-15
2869 9.7320352e-15
2870 9.7301867e-15
2871 9.7283431e-15
2872 9.7265078e-15
2873 9.7246844e-15
2874 9.7228769e-15
2875 9.7210708e-15
2876 9.7192727e-15
2877 9.7174802e-15
2878 9.7156966e-15
2879 9.7139196e-15
2880 9.7121498e-15
2881 9.7103799e-15
2882 9.7086152e-15
2883 9.7068586e-15
2884 9.7051105e-15
2885 9.7033655e-15
2886 9.7016271e-15
2887 9.699895e-15
2888 9.698168e-15
2889 9.6964464e-15
2890 9.6947231e-15
2891 9.6930113e-15
2892 9.6912967e-15
2893 9.6895824e-15
2894 9.6878742e-15
2895 9.6861652e-15
2896 9.6844679e-15
2897 9.6827591e-15
2898 9.681059e-15
2899 9.6793608e-15
2900 9.677664e-15
2901 9.675965e-15
2902 9.6742712e-15
2903 9.6725808e-15
2904 9.6708868e-15
2905 9.6692e-15
2906 9.6675113e-15
2907 9.665816e-15
2908 9.6641198e-15
2909 9.662425e-15
2910 9.6607332e-15
2911 9.659037e-15
2912 9.6573389e-15
2913 9.6556439e-15
2914 9.6539476e-15
2915 9.6522445e-15
2916 9.6505389e-15
2917 9.6488299e-15
2918 9.6471148e-15
2919 9.645399e-15
2920 9.6436826e-15
2921 9.641964e-15
2922 9.6402448e-15
2923 9.638525e-15
2924 9.6367977e-15
2925 9.6350669e-15
2926 9.6333298e-15
2927 9.6315871e-15
2928 9.6298371e-15
2929 9.6280882e-15
2930 9.6263342e-15
2931 9.6245746e-15
2932 9.6228112e-15
2933 9.6210438e-15
2934 9.6192749e-15
2935 9.6174966e-15
2936 9.6157138e-15
2937 9.613925e-15
2938 9.6121298e-15
2939 9.6103318e-15
2940 9.6085251e-15
2941 9.6067147e-15
2942 9.6048993e-15
2943 9.6030776e-15
2944 9.6012503e-15
2945 9.5994194e-15
2946 9.5975829e-15
2947 9.5957344e-15
2948 9.5938835e-15
2949 9.5920295e-15
2950 9.5901678e-15
2951 9.5882979e-15
2952 9.5864284e-15
2953 9.5845492e-15
2954 9.5826654e-15
2955 9.5807754e-15
2956 9.5788833e-15
2957 9.5769871e-15
2958 9.5750816e-15
2959 9.5731717e-15
2960 9.5712527e-15
2961 9.569331e-15
2962 9.5674033e-15
2963 9.5654686e-15
2964 9.5635305e-15
2965 9.5615826e-15
2966 9.5596405e-15
2967 9.5576889e-15
2968 9.5557335e-15
2969 9.5537794e-15
2970 9.5518161e-15
2971 9.5498515e-15
2972 9.5478782e-15
2973 9.5458999e-15
2974 9.543921e-15
2975 9.5419363e-15
2976 9.5399546e-15
2977 9.537965e-15
2978 9.5359744e-15
2979 9.5339791e-15
2980 9.5319848e-15
2981 9.5299882e-15
2982 9.5279899e-15
2983 9.52599e-15
2984 9.5239892e-15
2985 9.5219903e-15
2986 9.5199863e-15
2987 9.5179808e-15
2988 9.5159808e-15
2989 9.5139792e-15
2990 9.5119781e-15
2991 9.5099772e-15
2992 9.5079787e-15
2993 9.5059779e-15
2994 9.5039826e-15
2995 9.5019901e-15
2996 9.4999994e-15
2997 9.4980172e-15
2998 9.4960358e-15
2999 9.4940556e-15
3000 9.4920847e-15
