# Fiducial parameters: cosmomc_theta = 0.0104092, logA = 3.044, ombh2 = 0.02237, omch2 = 0.12, ns = 0.9649, tau = 0.0544, h = 0.6733981423479604, lens_potential_accuracy = 8, lens_margin = 2050, AccuracyBoost = 2.0, lSampleBoost = 2.0, lAccuracyBoost = 2.0, kmax = 10, k_per_logint = 130, nonlinear = True, DoLateRadTruncation = False
30 1.7987571e-10
31 1.6885135e-10
32 1.5877039e-10
33 1.4952215e-10
34 1.4101177e-10
35 1.3317264e-10
36 1.2592798e-10
37 1.1922659e-10
38 1.1300674e-10
39 1.0723359e-10
40 1.0186549e-10
41 9.6861711e-11
42 9.2190839e-11
43 8.7825781e-11
44 8.3743482e-11
45 7.9919563e-11
46 7.6329189e-11
47 7.2951333e-11
48 6.9784875e-11
49 6.6802154e-11
50 6.3985732e-11
51 6.1334981e-11
52 5.8837782e-11
53 5.6472371e-11
54 5.4236001e-11
55 5.2119785e-11
56 5.0112676e-11
57 4.8207738e-11
58 4.6403124e-11
59 4.4683157e-11
60 4.3054414e-11
61 4.1500933e-11
62 4.0024366e-11
63 3.8623115e-11
64 3.7283397e-11
65 3.6005159e-11
66 3.4785399e-11
67 3.3622933e-11
68 3.2509575e-11
69 3.1446218e-11
70 3.0428629e-11
71 2.9456157e-11
72 2.8526926e-11
73 2.7637945e-11
74 2.6784019e-11
75 2.5964109e-11
76 2.5178824e-11
77 2.4426037e-11
78 2.3701927e-11
79 2.3006107e-11
80 2.2337775e-11
81 2.169375e-11
82 2.107676e-11
83 2.048145e-11
84 1.9910995e-11
85 1.9360596e-11
86 1.8829769e-11
87 1.831905e-11
88 1.7826636e-11
89 1.7351299e-11
90 1.6893076e-11
91 1.6450952e-11
92 1.6026413e-11
93 1.5613624e-11
94 1.5215085e-11
95 1.4831604e-11
96 1.4461813e-11
97 1.4103823e-11
98 1.3757269e-11
99 1.3422304e-11
100 1.3097257e-11
101 1.2783619e-11
102 1.2479603e-11
103 1.2184415e-11
104 1.1901161e-11
105 1.1626021e-11
106 1.1357523e-11
107 1.1098563e-11
108 1.0847105e-11
109 1.0604169e-11
110 1.0368211e-11
111 1.0138832e-11
112 9.9168877e-12
113 9.7011674e-12
114 9.4919148e-12
115 9.2890303e-12
116 9.0913714e-12
117 8.8992849e-12
118 8.7134086e-12
119 8.5331397e-12
120 8.3569243e-12
121 8.1852759e-12
122 8.0188903e-12
123 7.8569843e-12
124 7.7003209e-12
125 7.5475818e-12
126 7.3990672e-12
127 7.2543284e-12
128 7.1133064e-12
129 6.9756216e-12
130 6.8414697e-12
131 6.7107001e-12
132 6.5844838e-12
133 6.4608447e-12
134 6.3406165e-12
135 6.2235886e-12
136 6.1087534e-12
137 5.9975822e-12
138 5.8890859e-12
139 5.7833319e-12
140 5.6805039e-12
141 5.5798653e-12
142 5.4815704e-12
143 5.385247e-12
144 5.2913449e-12
145 5.1998298e-12
146 5.1105395e-12
147 5.0231557e-12
148 4.9380856e-12
149 4.855187e-12
150 4.7739912e-12
151 4.6948946e-12
152 4.6171809e-12
153 4.5415254e-12
154 4.4673368e-12
155 4.3948962e-12
156 4.324207e-12
157 4.2551433e-12
158 4.1874075e-12
159 4.1211559e-12
160 4.0565024e-12
161 3.9933783e-12
162 3.9317208e-12
163 3.8717151e-12
164 3.8121725e-12
165 3.7544489e-12
166 3.6977699e-12
167 3.6422938e-12
168 3.5877841e-12
169 3.5346971e-12
170 3.4824893e-12
171 3.4312131e-12
172 3.3812987e-12
173 3.3322648e-12
174 3.2843838e-12
175 3.2374619e-12
176 3.191383e-12
177 3.1463558e-12
178 3.1019365e-12
179 3.0585376e-12
180 3.016113e-12
181 2.9743294e-12
182 2.9335161e-12
183 2.8932681e-12
184 2.8541095e-12
185 2.815403e-12
186 2.7775879e-12
187 2.7406398e-12
188 2.7045006e-12
189 2.6689923e-12
190 2.6340826e-12
191 2.5996711e-12
192 2.5659298e-12
193 2.5327707e-12
194 2.500188e-12
195 2.4683133e-12
196 2.437072e-12
197 2.4062698e-12
198 2.3762161e-12
199 2.346514e-12
200 2.317329e-12
201 2.2886645e-12
202 2.2605246e-12
203 2.2328653e-12
204 2.2057115e-12
205 2.1790471e-12
206 2.1528511e-12
207 2.1271082e-12
208 2.1018301e-12
209 2.0768295e-12
210 2.0522772e-12
211 2.0281134e-12
212 2.0044068e-12
213 1.9811296e-12
214 1.9582666e-12
215 1.9358943e-12
216 1.9137363e-12
217 1.8920033e-12
218 1.8705797e-12
219 1.8496141e-12
220 1.8287979e-12
221 1.8085267e-12
222 1.7884631e-12
223 1.7686999e-12
224 1.7491936e-12
225 1.7299642e-12
226 1.7110663e-12
227 1.6925159e-12
228 1.6742229e-12
229 1.6563161e-12
230 1.6386293e-12
231 1.621227e-12
232 1.6041017e-12
233 1.5871397e-12
234 1.5704793e-12
235 1.5540921e-12
236 1.5378634e-12
237 1.5219306e-12
238 1.5062444e-12
239 1.4907814e-12
240 1.4755492e-12
241 1.4604471e-12
242 1.4457006e-12
243 1.4310953e-12
244 1.4166599e-12
245 1.4025166e-12
246 1.3885605e-12
247 1.3748517e-12
248 1.3612528e-12
249 1.3478809e-12
250 1.3346508e-12
251 1.3216136e-12
252 1.3087421e-12
253 1.2960942e-12
254 1.2835675e-12
255 1.2713125e-12
256 1.2592007e-12
257 1.2471874e-12
258 1.2353168e-12
259 1.2235583e-12
260 1.2120243e-12
261 1.2006387e-12
262 1.1894065e-12
263 1.1783652e-12
264 1.1674118e-12
265 1.1566797e-12
266 1.1460208e-12
267 1.1355237e-12
268 1.1251671e-12
269 1.1149295e-12
270 1.1047743e-12
271 1.0947801e-12
272 1.0849647e-12
273 1.075212e-12
274 1.065566e-12
275 1.0560962e-12
276 1.046714e-12
277 1.0374311e-12
278 1.0282939e-12
279 1.0192328e-12
280 1.0102844e-12
281 1.0015018e-12
282 9.9280092e-13
283 9.8417801e-13
284 9.7571854e-13
285 9.673087e-13
286 9.5904988e-13
287 9.5087563e-13
288 9.4281109e-13
289 9.3479962e-13
290 9.2690439e-13
291 9.1910751e-13
292 9.1140046e-13
293 9.0371151e-13
294 8.9618927e-13
295 8.8875587e-13
296 8.8137176e-13
297 8.7408258e-13
298 8.6682079e-13
299 8.5974411e-13
300 8.5271848e-13
301 8.4575714e-13
302 8.3889475e-13
303 8.3213102e-13
304 8.2541732e-13
305 8.1877153e-13
306 8.1217074e-13
307 8.0568034e-13
308 7.9927409e-13
309 7.9291571e-13
310 7.8665738e-13
311 7.8043206e-13
312 7.7427616e-13
313 7.682109e-13
314 7.6220999e-13
315 7.5626691e-13
316 7.5036742e-13
317 7.4455825e-13
318 7.3879648e-13
319 7.3310549e-13
320 7.2747041e-13
321 7.2188915e-13
322 7.164078e-13
323 7.10976e-13
324 7.0561885e-13
325 7.0029642e-13
326 6.950435e-13
327 6.8983338e-13
328 6.8465496e-13
329 6.7955092e-13
330 6.7451069e-13
331 6.6949953e-13
332 6.645525e-13
333 6.5966701e-13
334 6.5482475e-13
335 6.5002838e-13
336 6.4528063e-13
337 6.4057867e-13
338 6.359375e-13
339 6.3134019e-13
340 6.2680408e-13
341 6.2228166e-13
342 6.1782925e-13
343 6.1344497e-13
344 6.090677e-13
345 6.0473706e-13
346 6.0044371e-13
347 5.9619166e-13
348 5.91999e-13
349 5.8785188e-13
350 5.837569e-13
351 5.7969889e-13
352 5.7564411e-13
353 5.7167653e-13
354 5.6772017e-13
355 5.6381765e-13
356 5.5992614e-13
357 5.5610458e-13
358 5.5228476e-13
359 5.4852426e-13
360 5.4479705e-13
361 5.4112359e-13
362 5.3745669e-13
363 5.3384499e-13
364 5.3026776e-13
365 5.2673019e-13
366 5.2320673e-13
367 5.1972891e-13
368 5.1627688e-13
369 5.1286211e-13
370 5.0948736e-13
371 5.0614679e-13
372 5.0281488e-13
373 4.9953203e-13
374 4.9627367e-13
375 4.9304362e-13
376 4.8985542e-13
377 4.8669422e-13
378 4.8355979e-13
379 4.8044735e-13
380 4.7736669e-13
381 4.7431131e-13
382 4.7129515e-13
383 4.6828324e-13
384 4.6530935e-13
385 4.6235981e-13
386 4.5943261e-13
387 4.5653936e-13
388 4.5369181e-13
389 4.5086582e-13
390 4.4806469e-13
391 4.4528007e-13
392 4.4251096e-13
393 4.3977283e-13
394 4.3706016e-13
395 4.3438018e-13
396 4.3171871e-13
397 4.2906104e-13
398 4.2643642e-13
399 4.2384342e-13
400 4.21275e-13
401 4.1872123e-13
402 4.1619846e-13
403 4.1369698e-13
404 4.1121673e-13
405 4.0874411e-13
406 4.0630821e-13
407 4.0388626e-13
408 4.0147334e-13
409 3.9909653e-13
410 3.9675432e-13
411 3.94412e-13
412 3.9210237e-13
413 3.898029e-13
414 3.8752168e-13
415 3.8525505e-13
416 3.8301264e-13
417 3.8079482e-13
418 3.7859747e-13
419 3.7641701e-13
420 3.7424402e-13
421 3.720987e-13
422 3.6998222e-13
423 3.6786951e-13
424 3.6577806e-13
425 3.6369191e-13
426 3.6164405e-13
427 3.5959435e-13
428 3.5757559e-13
429 3.5554999e-13
430 3.5355791e-13
431 3.515895e-13
432 3.496406e-13
433 3.4770366e-13
434 3.4577925e-13
435 3.438779e-13
436 3.4197608e-13
437 3.4009969e-13
438 3.3823884e-13
439 3.3639378e-13
440 3.3455558e-13
441 3.3274104e-13
442 3.3093394e-13
443 3.2914229e-13
444 3.2736954e-13
445 3.2560304e-13
446 3.2386179e-13
447 3.221355e-13
448 3.2042722e-13
449 3.1872597e-13
450 3.1703011e-13
451 3.1535566e-13
452 3.1369216e-13
453 3.1203613e-13
454 3.1040625e-13
455 3.0878801e-13
456 3.0718105e-13
457 3.0558416e-13
458 3.0399637e-13
459 3.0242285e-13
460 3.0086298e-13
461 2.9931528e-13
462 2.9778141e-13
463 2.9625707e-13
464 2.9474894e-13
465 2.9325096e-13
466 2.9175654e-13
467 2.9027991e-13
468 2.888101e-13
469 2.8735411e-13
470 2.8591383e-13
471 2.8448682e-13
472 2.8307955e-13
473 2.8167567e-13
474 2.8027385e-13
475 2.7888832e-13
476 2.7751555e-13
477 2.7614877e-13
478 2.7479503e-13
479 2.7345931e-13
480 2.7212577e-13
481 2.7080396e-13
482 2.6949443e-13
483 2.6818973e-13
484 2.6689767e-13
485 2.6561793e-13
486 2.6433885e-13
487 2.6307466e-13
488 2.6182447e-13
489 2.6058382e-13
490 2.5935409e-13
491 2.5811987e-13
492 2.5690212e-13
493 2.5569553e-13
494 2.544982e-13
495 2.5330753e-13
496 2.5212667e-13
497 2.5095881e-13
498 2.4979616e-13
499 2.4864563e-13
500 2.4749154e-13
501 2.4635652e-13
502 2.4522791e-13
503 2.4410669e-13
504 2.4299968e-13
505 2.4189151e-13
506 2.4080046e-13
507 2.397109e-13
508 2.3863189e-13
509 2.3755412e-13
510 2.36486e-13
511 2.3542727e-13
512 2.3437558e-13
513 2.3333548e-13
514 2.3230138e-13
515 2.3127501e-13
516 2.302587e-13
517 2.2924909e-13
518 2.282367e-13
519 2.2724035e-13
520 2.2625087e-13
521 2.2526532e-13
522 2.2429672e-13
523 2.2332171e-13
524 2.223579e-13
525 2.2140435e-13
526 2.2045496e-13
527 2.1951572e-13
528 2.1857796e-13
529 2.1765417e-13
530 2.1672579e-13
531 2.1580944e-13
532 2.1490615e-13
533 2.139975e-13
534 2.1310292e-13
535 2.1221237e-13
536 2.1132715e-13
537 2.104473e-13
538 2.0957893e-13
539 2.0871158e-13
540 2.0785294e-13
541 2.0699744e-13
542 2.0614683e-13
543 2.0530117e-13
544 2.0446369e-13
545 2.036304e-13
546 2.0280302e-13
547 2.0197637e-13
548 2.0115815e-13
549 2.0034535e-13
550 1.9954246e-13
551 1.9874022e-13
552 1.9795062e-13
553 1.9715833e-13
554 1.9637316e-13
555 1.9559025e-13
556 1.948163e-13
557 1.9404844e-13
558 1.9328163e-13
559 1.9252268e-13
560 1.9176921e-13
561 1.9101986e-13
562 1.9027403e-13
563 1.8953225e-13
564 1.8879897e-13
565 1.8806543e-13
566 1.8733668e-13
567 1.8661771e-13
568 1.8589767e-13
569 1.8518874e-13
570 1.8447924e-13
571 1.8377031e-13
572 1.8307258e-13
573 1.8238157e-13
574 1.816864e-13
575 1.8099859e-13
576 1.8031835e-13
577 1.7963812e-13
578 1.7896353e-13
579 1.7829578e-13
580 1.7762866e-13
581 1.7696618e-13
582 1.7630853e-13
583 1.7565417e-13
584 1.7500451e-13
585 1.7435873e-13
586 1.737182e-13
587 1.7307976e-13
588 1.7244933e-13
589 1.7181618e-13
590 1.7119271e-13
591 1.7056781e-13
592 1.6994614e-13
593 1.6933046e-13
594 1.6871752e-13
595 1.6811095e-13
596 1.6750844e-13
597 1.6690504e-13
598 1.6630738e-13
599 1.6570877e-13
600 1.6511671e-13
601 1.6452764e-13
602 1.6394241e-13
603 1.6336231e-13
604 1.6278339e-13
605 1.6220901e-13
606 1.6163681e-13
607 1.6106848e-13
608 1.6050249e-13
609 1.5994154e-13
610 1.5938084e-13
611 1.5882407e-13
612 1.5826951e-13
613 1.5772087e-13
614 1.5717823e-13
615 1.5663474e-13
616 1.5609574e-13
617 1.5555844e-13
618 1.5502419e-13
619 1.5448919e-13
620 1.5395765e-13
621 1.5343156e-13
622 1.5290884e-13
623 1.5238858e-13
624 1.5186992e-13
625 1.5135613e-13
626 1.5084326e-13
627 1.5033374e-13
628 1.4982881e-13
629 1.4932538e-13
630 1.4882642e-13
631 1.4832945e-13
632 1.4783249e-13
633 1.473382e-13
634 1.4684625e-13
635 1.4635802e-13
636 1.458737e-13
637 1.4539192e-13
638 1.4491188e-13
639 1.444319e-13
640 1.439559e-13
641 1.4348395e-13
642 1.4301525e-13
643 1.4254702e-13
644 1.4208012e-13
645 1.4161836e-13
646 1.4115868e-13
647 1.4069857e-13
648 1.4024369e-13
649 1.3978973e-13
650 1.3933669e-13
651 1.3888869e-13
652 1.3844185e-13
653 1.3799689e-13
654 1.3755472e-13
655 1.3711258e-13
656 1.366773e-13
657 1.3624102e-13
658 1.3580741e-13
659 1.3537765e-13
660 1.3494762e-13
661 1.3452136e-13
662 1.3409651e-13
663 1.3367234e-13
664 1.3325053e-13
665 1.3283159e-13
666 1.3241406e-13
667 1.3200106e-13
668 1.3158934e-13
669 1.3118019e-13
670 1.3077305e-13
671 1.3036668e-13
672 1.2996275e-13
673 1.2956048e-13
674 1.2916137e-13
675 1.2876062e-13
676 1.2836538e-13
677 1.2797175e-13
678 1.2757755e-13
679 1.2718626e-13
680 1.2679679e-13
681 1.2640863e-13
682 1.2602325e-13
683 1.25639e-13
684 1.2525878e-13
685 1.2487754e-13
686 1.2449915e-13
687 1.2412218e-13
688 1.237482e-13
689 1.2337464e-13
690 1.2300398e-13
691 1.2263471e-13
692 1.2226733e-13
693 1.2190062e-13
694 1.2153655e-13
695 1.2117348e-13
696 1.2081143e-13
697 1.2045235e-13
698 1.2009412e-13
699 1.1973967e-13
700 1.1938616e-13
701 1.1903357e-13
702 1.1868162e-13
703 1.1833259e-13
704 1.1798378e-13
705 1.176378e-13
706 1.1729379e-13
707 1.1695026e-13
708 1.1660861e-13
709 1.1626939e-13
710 1.1593036e-13
711 1.1559267e-13
712 1.1525832e-13
713 1.1492402e-13
714 1.1459013e-13
715 1.1425812e-13
716 1.1392848e-13
717 1.136e-13
718 1.1327299e-13
719 1.1294726e-13
720 1.1262455e-13
721 1.1230258e-13
722 1.1198115e-13
723 1.1166281e-13
724 1.1134326e-13
725 1.110265e-13
726 1.1071248e-13
727 1.1039821e-13
728 1.1008593e-13
729 1.0977557e-13
730 1.0946581e-13
731 1.0915946e-13
732 1.0885399e-13
733 1.0854952e-13
734 1.0824588e-13
735 1.0794235e-13
736 1.0764305e-13
737 1.0734335e-13
738 1.0704427e-13
739 1.0674849e-13
740 1.0645236e-13
741 1.0615767e-13
742 1.058649e-13
743 1.0557291e-13
744 1.0528244e-13
745 1.0499286e-13
746 1.047041e-13
747 1.0441805e-13
748 1.0413338e-13
749 1.0384942e-13
750 1.0356562e-13
751 1.0328425e-13
752 1.0300249e-13
753 1.0272244e-13
754 1.0244358e-13
755 1.0216651e-13
756 1.0189081e-13
757 1.0161544e-13
758 1.0134254e-13
759 1.0107075e-13
760 1.0079944e-13
761 1.0052839e-13
762 1.0026019e-13
763 9.9991933e-14
764 9.9725194e-14
765 9.9459131e-14
766 9.9195869e-14
767 9.8933947e-14
768 9.8672261e-14
769 9.8411419e-14
770 9.8152689e-14
771 9.7894568e-14
772 9.7636651e-14
773 9.7380309e-14
774 9.7125313e-14
775 9.6870481e-14
776 9.6618187e-14
777 9.6367688e-14
778 9.6117411e-14
779 9.5868913e-14
780 9.5620498e-14
781 9.5373568e-14
782 9.5127004e-14
783 9.4880714e-14
784 9.4636492e-14
785 9.4392818e-14
786 9.4151465e-14
787 9.3910546e-14
788 9.367082e-14
789 9.3431869e-14
790 9.3194034e-14
791 9.2956496e-14
792 9.2720575e-14
793 9.2485491e-14
794 9.2252411e-14
795 9.2019945e-14
796 9.178817e-14
797 9.155857e-14
798 9.1328715e-14
799 9.1100394e-14
800 9.0873464e-14
801 9.0647232e-14
802 9.0422021e-14
803 9.0198472e-14
804 8.9974674e-14
805 8.9752237e-14
806 8.9530522e-14
807 8.9310786e-14
808 8.9091152e-14
809 8.8872669e-14
810 8.8656009e-14
811 8.8440199e-14
812 8.8223899e-14
813 8.801042e-14
814 8.7797313e-14
815 8.7584947e-14
816 8.7372312e-14
817 8.7160176e-14
818 8.6951228e-14
819 8.6741438e-14
820 8.6532856e-14
821 8.6325421e-14
822 8.6120658e-14
823 8.5914704e-14
824 8.5709902e-14
825 8.550525e-14
826 8.5302301e-14
827 8.5099932e-14
828 8.4898085e-14
829 8.4697279e-14
830 8.4496992e-14
831 8.4298562e-14
832 8.4100355e-14
833 8.3903335e-14
834 8.37078e-14
835 8.3511974e-14
836 8.3317456e-14
837 8.3123151e-14
838 8.2930447e-14
839 8.2738113e-14
840 8.25464e-14
841 8.2355826e-14
842 8.2165809e-14
843 8.1977107e-14
844 8.1788816e-14
845 8.1601422e-14
846 8.1414167e-14
847 8.1228284e-14
848 8.1042054e-14
849 8.085716e-14
850 8.0673535e-14
851 8.0490228e-14
852 8.0308458e-14
853 8.0126942e-14
854 7.9946871e-14
855 7.9767152e-14
856 7.9588499e-14
857 7.9410394e-14
858 7.9232401e-14
859 7.905526e-14
860 7.8878911e-14
861 7.8704157e-14
862 7.8529474e-14
863 7.8354819e-14
864 7.8181246e-14
865 7.8008061e-14
866 7.7835698e-14
867 7.7664163e-14
868 7.749314e-14
869 7.7322865e-14
870 7.7153508e-14
871 7.6983971e-14
872 7.6816499e-14
873 7.6647827e-14
874 7.6482136e-14
875 7.6316015e-14
876 7.6150515e-14
877 7.5985391e-14
878 7.5821491e-14
879 7.565864e-14
880 7.5494662e-14
881 7.5332379e-14
882 7.5170552e-14
883 7.5010233e-14
884 7.4849211e-14
885 7.4689526e-14
886 7.4530349e-14
887 7.4371856e-14
888 7.4214043e-14
889 7.4056588e-14
890 7.3899402e-14
891 7.3743308e-14
892 7.3587144e-14
893 7.3432259e-14
894 7.3277342e-14
895 7.312356e-14
896 7.2969937e-14
897 7.2816609e-14
898 7.2664268e-14
899 7.2512147e-14
900 7.2361346e-14
901 7.2210539e-14
902 7.2060353e-14
903 7.1910716e-14
904 7.176127e-14
905 7.1612493e-14
906 7.1464446e-14
907 7.1316745e-14
908 7.1170013e-14
909 7.1022709e-14
910 7.0875893e-14
911 7.073024e-14
912 7.0585454e-14
913 7.0440648e-14
914 7.0296005e-14
915 7.0151938e-14
916 7.0008294e-14
917 6.9865153e-14
918 6.972207e-14
919 6.9579605e-14
920 6.9438135e-14
921 6.9296833e-14
922 6.9155999e-14
923 6.901551e-14
924 6.8875698e-14
925 6.8736497e-14
926 6.8597341e-14
927 6.8459235e-14
928 6.8320707e-14
929 6.8183281e-14
930 6.8046428e-14
931 6.7910008e-14
932 6.7773682e-14
933 6.7637635e-14
934 6.7502696e-14
935 6.7367714e-14
936 6.7233454e-14
937 6.7098922e-14
938 6.6964863e-14
939 6.6831708e-14
940 6.6698225e-14
941 6.6565561e-14
942 6.6433579e-14
943 6.630169e-14
944 6.6170298e-14
945 6.6039519e-14
946 6.5909156e-14
947 6.5778954e-14
948 6.5648999e-14
949 6.5520276e-14
950 6.5391594e-14
951 6.5262979e-14
952 6.5135011e-14
953 6.5006635e-14
954 6.4879299e-14
955 6.4752204e-14
956 6.4625376e-14
957 6.4498816e-14
958 6.4372644e-14
959 6.4247201e-14
960 6.4121762e-14
961 6.3996689e-14
962 6.3871942e-14
963 6.3747775e-14
964 6.3623343e-14
965 6.3500091e-14
966 6.3376872e-14
967 6.3254588e-14
968 6.3132232e-14
969 6.3010207e-14
970 6.2888395e-14
971 6.276709e-14
972 6.2646191e-14
973 6.252555e-14
974 6.2405035e-14
975 6.2285405e-14
976 6.2165461e-14
977 6.2045774e-14
978 6.1926865e-14
979 6.1808238e-14
980 6.1690126e-14
981 6.1571769e-14
982 6.1453834e-14
983 6.1336364e-14
984 6.1219042e-14
985 6.1102447e-14
986 6.0986215e-14
987 6.0870067e-14
988 6.0754201e-14
989 6.0638144e-14
990 6.0523016e-14
991 6.0408256e-14
992 6.0293016e-14
993 6.0178527e-14
994 6.006477e-14
995 5.995124e-14
996 5.9838074e-14
997 5.9724985e-14
998 5.9611678e-14
999 5.9498795e-14
1000 5.9386257e-14
1001 5.927408e-14
1002 5.9162025e-14
1003 5.9050214e-14
1004 5.89389e-14
1005 5.8828059e-14
1006 5.871741e-14
1007 5.8607155e-14
1008 5.8496635e-14
1009 5.8386535e-14
1010 5.8277054e-14
1011 5.8167781e-14
1012 5.8058428e-14
1013 5.7949954e-14
1014 5.7841726e-14
1015 5.7733629e-14
1016 5.762593e-14
1017 5.7518427e-14
1018 5.7411347e-14
1019 5.7304673e-14
1020 5.7197962e-14
1021 5.7091794e-14
1022 5.6985615e-14
1023 5.6879896e-14
1024 5.6774208e-14
1025 5.6668748e-14
1026 5.6563684e-14
1027 5.645918e-14
1028 5.6354669e-14
1029 5.6250302e-14
1030 5.6145957e-14
1031 5.6042156e-14
1032 5.5938417e-14
1033 5.5835112e-14
1034 5.5732118e-14
1035 5.5629294e-14
1036 5.5527054e-14
1037 5.5424942e-14
1038 5.5323062e-14
1039 5.5221313e-14
1040 5.5120088e-14
1041 5.50193e-14
1042 5.4918332e-14
1043 5.4817889e-14
1044 5.4717638e-14
1045 5.4617428e-14
1046 5.4517949e-14
1047 5.4418661e-14
1048 5.4319427e-14
1049 5.4220993e-14
1050 5.4122054e-14
1051 5.4023568e-14
1052 5.392563e-14
1053 5.3827722e-14
1054 5.372991e-14
1055 5.3632508e-14
1056 5.3535623e-14
1057 5.3438531e-14
1058 5.33418e-14
1059 5.3245596e-14
1060 5.3149931e-14
1061 5.3054178e-14
1062 5.295864e-14
1063 5.2863493e-14
1064 5.2768714e-14
1065 5.2674124e-14
1066 5.2579829e-14
1067 5.2485433e-14
1068 5.2391403e-14
1069 5.2297448e-14
1070 5.2204216e-14
1071 5.2110979e-14
1072 5.2018151e-14
1073 5.192541e-14
1074 5.1833031e-14
1075 5.1740967e-14
1076 5.1649003e-14
1077 5.1557108e-14
1078 5.1465617e-14
1079 5.1374252e-14
1080 5.1283402e-14
1081 5.1192731e-14
1082 5.1102231e-14
1083 5.1012088e-14
1084 5.0922036e-14
1085 5.0832331e-14
1086 5.0742949e-14
1087 5.0653757e-14
1088 5.0564507e-14
1089 5.0475884e-14
1090 5.0387497e-14
1091 5.0299309e-14
1092 5.0211282e-14
1093 5.012366e-14
1094 5.0036518e-14
1095 4.9949478e-14
1096 4.986262e-14
1097 4.9775721e-14
1098 4.9689255e-14
1099 4.9602803e-14
1100 4.9516858e-14
1101 4.9431259e-14
1102 4.9345508e-14
1103 4.9260354e-14
1104 4.9175317e-14
1105 4.9090503e-14
1106 4.9006044e-14
1107 4.8921927e-14
1108 4.8837838e-14
1109 4.875399e-14
1110 4.8670586e-14
1111 4.8587653e-14
1112 4.8504596e-14
1113 4.8422008e-14
1114 4.8339968e-14
1115 4.8257616e-14
1116 4.8175495e-14
1117 4.8094075e-14
1118 4.8012535e-14
1119 4.7931282e-14
1120 4.7850108e-14
1121 4.77692e-14
1122 4.7688529e-14
1123 4.7608045e-14
1124 4.7527777e-14
1125 4.7448052e-14
1126 4.7368291e-14
1127 4.7289003e-14
1128 4.7210175e-14
1129 4.7131235e-14
1130 4.7052318e-14
1131 4.6973927e-14
1132 4.689553e-14
1133 4.6817561e-14
1134 4.6739867e-14
1135 4.6662438e-14
1136 4.6585375e-14
1137 4.6508512e-14
1138 4.6431493e-14
1139 4.6355024e-14
1140 4.6278871e-14
1141 4.6202759e-14
1142 4.6127232e-14
1143 4.6051701e-14
1144 4.5975965e-14
1145 4.5901029e-14
1146 4.582588e-14
1147 4.5751122e-14
1148 4.5676904e-14
1149 4.5602877e-14
1150 4.5528779e-14
1151 4.5454988e-14
1152 4.5381596e-14
1153 4.5308066e-14
1154 4.5234943e-14
1155 4.5161883e-14
1156 4.5088966e-14
1157 4.5016548e-14
1158 4.494446e-14
1159 4.4872443e-14
1160 4.4800701e-14
1161 4.47292e-14
1162 4.4657887e-14
1163 4.458678e-14
1164 4.4515849e-14
1165 4.4445037e-14
1166 4.4374275e-14
1167 4.4303867e-14
1168 4.4233718e-14
1169 4.4163668e-14
1170 4.4093774e-14
1171 4.4024196e-14
1172 4.3954605e-14
1173 4.3885205e-14
1174 4.3816106e-14
1175 4.3747332e-14
1176 4.3678646e-14
1177 4.3610476e-14
1178 4.3542267e-14
1179 4.3474199e-14
1180 4.3406352e-14
1181 4.3338748e-14
1182 4.3271435e-14
1183 4.3204498e-14
1184 4.3137135e-14
1185 4.3070077e-14
1186 4.3003321e-14
1187 4.2936959e-14
1188 4.2870642e-14
1189 4.2804511e-14
1190 4.273858e-14
1191 4.2673084e-14
1192 4.2607309e-14
1193 4.2541833e-14
1194 4.2476523e-14
1195 4.2411493e-14
1196 4.234658e-14
1197 4.2281392e-14
1198 4.2216955e-14
1199 4.2152421e-14
1200 4.2088394e-14
1201 4.2024252e-14
1202 4.1960425e-14
1203 4.1896513e-14
1204 4.1833102e-14
1205 4.1769768e-14
1206 4.1706685e-14
1207 4.164361e-14
1208 4.158073e-14
1209 4.1518125e-14
1210 4.1455549e-14
1211 4.1393158e-14
1212 4.1330905e-14
1213 4.1268686e-14
1214 4.1206774e-14
1215 4.114507e-14
1216 4.1083282e-14
1217 4.1021753e-14
1218 4.0960371e-14
1219 4.0899156e-14
1220 4.0838136e-14
1221 4.0777212e-14
1222 4.0716529e-14
1223 4.065591e-14
1224 4.059539e-14
1225 4.0535018e-14
1226 4.0475059e-14
1227 4.0414998e-14
1228 4.0355109e-14
1229 4.0295323e-14
1230 4.023563e-14
1231 4.0175953e-14
1232 4.0116576e-14
1233 4.0057456e-14
1234 3.9998296e-14
1235 3.9939375e-14
1236 3.9880598e-14
1237 3.9821943e-14
1238 3.9763469e-14
1239 3.9705135e-14
1240 3.9646798e-14
1241 3.9588823e-14
1242 3.953097e-14
1243 3.9473246e-14
1244 3.9415764e-14
1245 3.9358201e-14
1246 3.9300607e-14
1247 3.9243005e-14
1248 3.9185723e-14
1249 3.9128579e-14
1250 3.9071643e-14
1251 3.9014725e-14
1252 3.895776e-14
1253 3.8901132e-14
1254 3.8844637e-14
1255 3.8788184e-14
1256 3.8731689e-14
1257 3.8675711e-14
1258 3.8619689e-14
1259 3.8563714e-14
1260 3.8507708e-14
1261 3.8452007e-14
1262 3.8396446e-14
1263 3.8340899e-14
1264 3.8285683e-14
1265 3.8230248e-14
1266 3.8175023e-14
1267 3.8120004e-14
1268 3.8065145e-14
1269 3.8010263e-14
1270 3.7955429e-14
1271 3.7900672e-14
1272 3.78459e-14
1273 3.7791445e-14
1274 3.7737085e-14
1275 3.7682824e-14
1276 3.7628704e-14
1277 3.7574726e-14
1278 3.752082e-14
1279 3.7466789e-14
1280 3.7413192e-14
1281 3.7359414e-14
1282 3.7305859e-14
1283 3.7252339e-14
1284 3.7199063e-14
1285 3.7145779e-14
1286 3.7092549e-14
1287 3.7039517e-14
1288 3.698662e-14
1289 3.693372e-14
1290 3.6880853e-14
1291 3.6828243e-14
1292 3.6775594e-14
1293 3.6723078e-14
1294 3.6670575e-14
1295 3.6618267e-14
1296 3.6566042e-14
1297 3.6513923e-14
1298 3.6461945e-14
1299 3.6409957e-14
1300 3.6358125e-14
1301 3.6306295e-14
1302 3.6254564e-14
1303 3.6202881e-14
1304 3.6151385e-14
1305 3.6099982e-14
1306 3.604853e-14
1307 3.5997215e-14
1308 3.5946112e-14
1309 3.58949e-14
1310 3.5843858e-14
1311 3.5793043e-14
1312 3.5742219e-14
1313 3.5691445e-14
1314 3.5640778e-14
1315 3.5590276e-14
1316 3.5539912e-14
1317 3.5489424e-14
1318 3.5439139e-14
1319 3.5388947e-14
1320 3.5338805e-14
1321 3.5288751e-14
1322 3.5238989e-14
1323 3.5189131e-14
1324 3.5139398e-14
1325 3.5089651e-14
1326 3.5039949e-14
1327 3.4990424e-14
1328 3.4941069e-14
1329 3.489167e-14
1330 3.4842326e-14
1331 3.4793152e-14
1332 3.474397e-14
1333 3.469485e-14
1334 3.4645925e-14
1335 3.4596972e-14
1336 3.4548199e-14
1337 3.4499619e-14
1338 3.4451038e-14
1339 3.4402465e-14
1340 3.4354e-14
1341 3.4305447e-14
1342 3.4257112e-14
1343 3.4208854e-14
1344 3.4160707e-14
1345 3.4112752e-14
1346 3.4064912e-14
1347 3.4017068e-14
1348 3.3969104e-14
1349 3.3921452e-14
1350 3.387384e-14
1351 3.3826344e-14
1352 3.3778865e-14
1353 3.3731501e-14
1354 3.3684253e-14
1355 3.363714e-14
1356 3.3590097e-14
1357 3.3543073e-14
1358 3.3496052e-14
1359 3.3449264e-14
1360 3.340244e-14
1361 3.3355694e-14
1362 3.3309106e-14
1363 3.3262558e-14
1364 3.3216101e-14
1365 3.3169602e-14
1366 3.312332e-14
1367 3.3077139e-14
1368 3.3031069e-14
1369 3.2985124e-14
1370 3.293919e-14
1371 3.2893448e-14
1372 3.2847531e-14
1373 3.2801777e-14
1374 3.2756046e-14
1375 3.2710646e-14
1376 3.2665087e-14
1377 3.2619665e-14
1378 3.2574432e-14
1379 3.2529302e-14
1380 3.2484357e-14
1381 3.2439317e-14
1382 3.2394439e-14
1383 3.2349637e-14
1384 3.2304974e-14
1385 3.2260261e-14
1386 3.2215663e-14
1387 3.2171076e-14
1388 3.2126745e-14
1389 3.2082387e-14
1390 3.2038124e-14
1391 3.1993992e-14
1392 3.1949941e-14
1393 3.190588e-14
1394 3.1862042e-14
1395 3.1818194e-14
1396 3.1774503e-14
1397 3.1730855e-14
1398 3.168736e-14
1399 3.164404e-14
1400 3.1600805e-14
1401 3.1557472e-14
1402 3.1514252e-14
1403 3.1471271e-14
1404 3.142824e-14
1405 3.1385378e-14
1406 3.1342587e-14
1407 3.1299782e-14
1408 3.1257095e-14
1409 3.1214611e-14
1410 3.1172051e-14
1411 3.1129626e-14
1412 3.108732e-14
1413 3.1045157e-14
1414 3.1003204e-14
1415 3.0961055e-14
1416 3.091913e-14
1417 3.0877248e-14
1418 3.0835422e-14
1419 3.0793789e-14
1420 3.0752238e-14
1421 3.0710718e-14
1422 3.0669435e-14
1423 3.0628201e-14
1424 3.0587006e-14
1425 3.0545942e-14
1426 3.0504984e-14
1427 3.046409e-14
1428 3.0423363e-14
1429 3.0382543e-14
1430 3.0341902e-14
1431 3.0301342e-14
1432 3.0260855e-14
1433 3.0220463e-14
1434 3.0180115e-14
1435 3.0139934e-14
1436 3.0099889e-14
1437 3.0059886e-14
1438 3.0019928e-14
1439 2.9980155e-14
1440 2.9940498e-14
1441 2.9900785e-14
1442 2.9861207e-14
1443 2.9821742e-14
1444 2.9782374e-14
1445 2.9743188e-14
1446 2.9704066e-14
1447 2.9664948e-14
1448 2.9625918e-14
1449 2.9586942e-14
1450 2.9548123e-14
1451 2.9509453e-14
1452 2.9470742e-14
1453 2.9432296e-14
1454 2.9393809e-14
1455 2.9355462e-14
1456 2.9317134e-14
1457 2.9279024e-14
1458 2.924084e-14
1459 2.9202776e-14
1460 2.9164773e-14
1461 2.912696e-14
1462 2.9089207e-14
1463 2.9051561e-14
1464 2.9014016e-14
1465 2.8976548e-14
1466 2.8939055e-14
1467 2.8901633e-14
1468 2.886447e-14
1469 2.882726e-14
1470 2.8790094e-14
1471 2.8753118e-14
1472 2.8716144e-14
1473 2.8679331e-14
1474 2.8642632e-14
1475 2.8605947e-14
1476 2.8569266e-14
1477 2.8532689e-14
1478 2.8496257e-14
1479 2.8459925e-14
1480 2.8423671e-14
1481 2.8387617e-14
1482 2.8351501e-14
1483 2.8315476e-14
1484 2.827951e-14
1485 2.8243704e-14
1486 2.8207976e-14
1487 2.8172212e-14
1488 2.8136612e-14
1489 2.8101122e-14
1490 2.8065724e-14
1491 2.8030373e-14
1492 2.7995117e-14
1493 2.7959864e-14
1494 2.7924725e-14
1495 2.7889672e-14
1496 2.7854707e-14
1497 2.7819783e-14
1498 2.7784878e-14
1499 2.7750167e-14
1500 2.771545e-14
1501 2.7680899e-14
1502 2.7646462e-14
1503 2.761202e-14
1504 2.7577606e-14
1505 2.7543297e-14
1506 2.7509002e-14
1507 2.7474801e-14
1508 2.744075e-14
1509 2.7406696e-14
1510 2.7372739e-14
1511 2.7338914e-14
1512 2.7305043e-14
1513 2.7271265e-14
1514 2.723762e-14
1515 2.720398e-14
1516 2.7170416e-14
1517 2.713699e-14
1518 2.7103493e-14
1519 2.7070162e-14
1520 2.7036857e-14
1521 2.7003635e-14
1522 2.6970525e-14
1523 2.6937383e-14
1524 2.6904358e-14
1525 2.6871344e-14
1526 2.6838469e-14
1527 2.6805554e-14
1528 2.6772767e-14
1529 2.674006e-14
1530 2.6707432e-14
1531 2.6674863e-14
1532 2.6642386e-14
1533 2.6609801e-14
1534 2.6577378e-14
1535 2.6545051e-14
1536 2.6512772e-14
1537 2.6480479e-14
1538 2.6448265e-14
1539 2.6416184e-14
1540 2.6384119e-14
1541 2.6352073e-14
1542 2.632014e-14
1543 2.628829e-14
1544 2.6256417e-14
1545 2.6224614e-14
1546 2.6192851e-14
1547 2.6161161e-14
1548 2.6129517e-14
1549 2.6098012e-14
1550 2.6066437e-14
1551 2.603499e-14
1552 2.6003487e-14
1553 2.5972139e-14
1554 2.5940749e-14
1555 2.5909446e-14
1556 2.5878236e-14
1557 2.5847069e-14
1558 2.5815954e-14
1559 2.5784905e-14
1560 2.5753854e-14
1561 2.5722971e-14
1562 2.5692033e-14
1563 2.5661145e-14
1564 2.5630332e-14
1565 2.5599547e-14
1566 2.5568844e-14
1567 2.5538177e-14
1568 2.5507544e-14
1569 2.5476973e-14
1570 2.5446354e-14
1571 2.5415891e-14
1572 2.5385501e-14
1573 2.5355023e-14
1574 2.5324688e-14
1575 2.5294378e-14
1576 2.5264111e-14
1577 2.523388e-14
1578 2.5203672e-14
1579 2.5173534e-14
1580 2.5143419e-14
1581 2.5113366e-14
1582 2.5083376e-14
1583 2.5053451e-14
1584 2.5023483e-14
1585 2.4993572e-14
1586 2.4963709e-14
1587 2.4933863e-14
1588 2.4904106e-14
1589 2.4874412e-14
1590 2.4844769e-14
1591 2.4815108e-14
1592 2.4785516e-14
1593 2.4755866e-14
1594 2.472626e-14
1595 2.4696725e-14
1596 2.4667265e-14
1597 2.4637866e-14
1598 2.4608413e-14
1599 2.4579061e-14
1600 2.4549721e-14
1601 2.4520435e-14
1602 2.4491125e-14
1603 2.4461919e-14
1604 2.4432738e-14
1605 2.4403645e-14
1606 2.4374572e-14
1607 2.4345493e-14
1608 2.4316448e-14
1609 2.4287415e-14
1610 2.4258465e-14
1611 2.4229523e-14
1612 2.4200692e-14
1613 2.4171874e-14
1614 2.4143044e-14
1615 2.4114233e-14
1616 2.4085482e-14
1617 2.405675e-14
1618 2.4028127e-14
1619 2.3999468e-14
1620 2.3970831e-14
1621 2.394225e-14
1622 2.3913675e-14
1623 2.3885203e-14
1624 2.3856739e-14
1625 2.3828281e-14
1626 2.3799894e-14
1627 2.3771592e-14
1628 2.3743209e-14
1629 2.3714875e-14
1630 2.3686655e-14
1631 2.3658393e-14
1632 2.36302e-14
1633 2.3602028e-14
1634 2.3573931e-14
1635 2.354584e-14
1636 2.351781e-14
1637 2.3489736e-14
1638 2.3461753e-14
1639 2.3433867e-14
1640 2.3405973e-14
1641 2.3378104e-14
1642 2.3350315e-14
1643 2.3322455e-14
1644 2.3294661e-14
1645 2.3266931e-14
1646 2.3239182e-14
1647 2.321145e-14
1648 2.318381e-14
1649 2.3156228e-14
1650 2.3128686e-14
1651 2.3101176e-14
1652 2.307365e-14
1653 2.3046203e-14
1654 2.3018783e-14
1655 2.2991317e-14
1656 2.2963959e-14
1657 2.2936612e-14
1658 2.2909401e-14
1659 2.2882184e-14
1660 2.2854944e-14
1661 2.2827738e-14
1662 2.2800528e-14
1663 2.2773421e-14
1664 2.2746288e-14
1665 2.271924e-14
1666 2.2692255e-14
1667 2.2665315e-14
1668 2.2638354e-14
1669 2.2611432e-14
1670 2.2584515e-14
1671 2.2557644e-14
1672 2.2530816e-14
1673 2.2504052e-14
1674 2.2477309e-14
1675 2.2450698e-14
1676 2.2424051e-14
1677 2.2397446e-14
1678 2.2370878e-14
1679 2.2344343e-14
1680 2.2317841e-14
1681 2.2291364e-14
1682 2.22649e-14
1683 2.2238497e-14
1684 2.2212188e-14
1685 2.2185868e-14
1686 2.215968e-14
1687 2.2133488e-14
1688 2.2107306e-14
1689 2.2081188e-14
1690 2.2055076e-14
1691 2.2029013e-14
1692 2.2002958e-14
1693 2.1977014e-14
1694 2.195106e-14
1695 2.192517e-14
1696 2.1899354e-14
1697 2.1873535e-14
1698 2.1847769e-14
1699 2.1822004e-14
1700 2.1796331e-14
1701 2.1770697e-14
1702 2.1745051e-14
1703 2.1719464e-14
1704 2.1693966e-14
1705 2.1668483e-14
1706 2.1642988e-14
1707 2.1617607e-14
1708 2.1592251e-14
1709 2.1566949e-14
1710 2.1541714e-14
1711 2.151646e-14
1712 2.1491328e-14
1713 2.1466243e-14
1714 2.144117e-14
1715 2.1416101e-14
1716 2.1391136e-14
1717 2.1366171e-14
1718 2.1341242e-14
1719 2.1316376e-14
1720 2.1291521e-14
1721 2.1266748e-14
1722 2.1242034e-14
1723 2.121734e-14
1724 2.1192672e-14
1725 2.116807e-14
1726 2.1143452e-14
1727 2.1118977e-14
1728 2.1094553e-14
1729 2.1070141e-14
1730 2.1045734e-14
1731 2.1021453e-14
1732 2.0997166e-14
1733 2.0972913e-14
1734 2.0948732e-14
1735 2.0924602e-14
1736 2.0900516e-14
1737 2.0876491e-14
1738 2.0852495e-14
1739 2.0828571e-14
1740 2.0804662e-14
1741 2.0780802e-14
1742 2.0757024e-14
1743 2.0733271e-14
1744 2.070956e-14
1745 2.0685886e-14
1746 2.0662282e-14
1747 2.0638742e-14
1748 2.0615216e-14
1749 2.0591757e-14
1750 2.0568329e-14
1751 2.0544956e-14
1752 2.0521621e-14
1753 2.049833e-14
1754 2.0475079e-14
1755 2.0451916e-14
1756 2.0428755e-14
1757 2.0405678e-14
1758 2.0382665e-14
1759 2.0359648e-14
1760 2.0336726e-14
1761 2.031383e-14
1762 2.0290975e-14
1763 2.0268194e-14
1764 2.0245423e-14
1765 2.0222728e-14
1766 2.0200087e-14
1767 2.0177524e-14
1768 2.0155001e-14
1769 2.0132504e-14
1770 2.0110014e-14
1771 2.0087602e-14
1772 2.0065237e-14
1773 2.0042912e-14
1774 2.0020647e-14
1775 1.9998426e-14
1776 1.9976272e-14
1777 1.9954147e-14
1778 1.9932113e-14
1779 1.9910094e-14
1780 1.9888108e-14
1781 1.9866171e-14
1782 1.9844255e-14
1783 1.9822427e-14
1784 1.9800671e-14
1785 1.9778965e-14
1786 1.9757255e-14
1787 1.9735613e-14
1788 1.971403e-14
1789 1.9692478e-14
1790 1.9670972e-14
1791 1.964952e-14
1792 1.962812e-14
1793 1.9606744e-14
1794 1.9585509e-14
1795 1.9564253e-14
1796 1.9543055e-14
1797 1.95219e-14
1798 1.9500787e-14
1799 1.9479712e-14
1800 1.9458706e-14
1801 1.9437731e-14
1802 1.9416829e-14
1803 1.9395928e-14
1804 1.9375078e-14
1805 1.9354247e-14
1806 1.933348e-14
1807 1.9312798e-14
1808 1.9292131e-14
1809 1.9271524e-14
1810 1.9250963e-14
1811 1.9230418e-14
1812 1.9209897e-14
1813 1.9189463e-14
1814 1.9169016e-14
1815 1.9148608e-14
1816 1.912829e-14
1817 1.9108009e-14
1818 1.90878e-14
1819 1.9067573e-14
1820 1.9047396e-14
1821 1.9027295e-14
1822 1.9007237e-14
1823 1.898724e-14
1824 1.8967262e-14
1825 1.8947301e-14
1826 1.892737e-14
1827 1.890751e-14
1828 1.8887691e-14
1829 1.8867953e-14
1830 1.884822e-14
1831 1.8828515e-14
1832 1.8808879e-14
1833 1.8789246e-14
1834 1.8769688e-14
1835 1.8750174e-14
1836 1.8730702e-14
1837 1.8711263e-14
1838 1.869187e-14
1839 1.8672511e-14
1840 1.8653179e-14
1841 1.8633854e-14
1842 1.8614578e-14
1843 1.8595328e-14
1844 1.8576145e-14
1845 1.8557e-14
1846 1.8537901e-14
1847 1.8518808e-14
1848 1.8499777e-14
1849 1.8480787e-14
1850 1.8461815e-14
1851 1.8442921e-14
1852 1.8424058e-14
1853 1.8405236e-14
1854 1.8386415e-14
1855 1.8367638e-14
1856 1.8348889e-14
1857 1.8330218e-14
1858 1.831152e-14
1859 1.8292864e-14
1860 1.8274253e-14
1861 1.8255732e-14
1862 1.823715e-14
1863 1.8218639e-14
1864 1.8200195e-14
1865 1.8181766e-14
1866 1.8163344e-14
1867 1.8144964e-14
1868 1.8126602e-14
1869 1.810828e-14
1870 1.8090038e-14
1871 1.8071773e-14
1872 1.8053523e-14
1873 1.8035356e-14
1874 1.8017209e-14
1875 1.7999094e-14
1876 1.7981001e-14
1877 1.7962941e-14
1878 1.7944911e-14
1879 1.7926916e-14
1880 1.7908957e-14
1881 1.7891e-14
1882 1.7873084e-14
1883 1.7855202e-14
1884 1.7837343e-14
1885 1.781952e-14
1886 1.7801712e-14
1887 1.7783925e-14
1888 1.7766221e-14
1889 1.774851e-14
1890 1.7730805e-14
1891 1.7713115e-14
1892 1.7695525e-14
1893 1.7677924e-14
1894 1.7660335e-14
1895 1.7642804e-14
1896 1.7625271e-14
1897 1.760777e-14
1898 1.7590257e-14
1899 1.757284e-14
1900 1.7555417e-14
1901 1.7538034e-14
1902 1.7520683e-14
1903 1.7503363e-14
1904 1.7486028e-14
1905 1.7468721e-14
1906 1.7451453e-14
1907 1.7434223e-14
1908 1.7416975e-14
1909 1.7399758e-14
1910 1.7382601e-14
1911 1.7365447e-14
1912 1.7348285e-14
1913 1.733119e-14
1914 1.7314122e-14
1915 1.7297061e-14
1916 1.7280016e-14
1917 1.7262981e-14
1918 1.7246012e-14
1919 1.722904e-14
1920 1.7212099e-14
1921 1.7195121e-14
1922 1.717821e-14
1923 1.7161339e-14
1924 1.7144475e-14
1925 1.712764e-14
1926 1.7110841e-14
1927 1.7094011e-14
1928 1.7077214e-14
1929 1.7060431e-14
1930 1.7043692e-14
1931 1.7026987e-14
1932 1.7010291e-14
1933 1.6993606e-14
1934 1.6976959e-14
1935 1.6960322e-14
1936 1.6943712e-14
1937 1.6927129e-14
1938 1.6910556e-14
1939 1.689402e-14
1940 1.6877492e-14
1941 1.6860991e-14
1942 1.6844495e-14
1943 1.6828022e-14
1944 1.6811584e-14
1945 1.6795166e-14
1946 1.6778736e-14
1947 1.6762346e-14
1948 1.674598e-14
1949 1.6729624e-14
1950 1.6713255e-14
1951 1.6696911e-14
1952 1.6680614e-14
1953 1.6664369e-14
1954 1.6648096e-14
1955 1.663183e-14
1956 1.6615608e-14
1957 1.6599391e-14
1958 1.6583213e-14
1959 1.6567047e-14
1960 1.655091e-14
1961 1.6534771e-14
1962 1.6518673e-14
1963 1.6502573e-14
1964 1.6486515e-14
1965 1.6470438e-14
1966 1.6454405e-14
1967 1.643837e-14
1968 1.6422363e-14
1969 1.6406406e-14
1970 1.6390449e-14
1971 1.6374495e-14
1972 1.6358542e-14
1973 1.6342661e-14
1974 1.6326768e-14
1975 1.6310916e-14
1976 1.6295067e-14
1977 1.6279231e-14
1978 1.6263406e-14
1979 1.624761e-14
1980 1.6231834e-14
1981 1.6216062e-14
1982 1.6200328e-14
1983 1.6184613e-14
1984 1.6168859e-14
1985 1.615316e-14
1986 1.6137519e-14
1987 1.6121871e-14
1988 1.6106229e-14
1989 1.6090622e-14
1990 1.607505e-14
1991 1.6059487e-14
1992 1.6043924e-14
1993 1.6028395e-14
1994 1.6012884e-14
1995 1.5997405e-14
1996 1.5981972e-14
1997 1.5966525e-14
1998 1.5951089e-14
1999 1.5935684e-14
2000 1.592026e-14
2001 1.5904911e-14
2002 1.5889575e-14
2003 1.5874257e-14
2004 1.5858933e-14
2005 1.5843642e-14
2006 1.5828362e-14
2007 1.5813126e-14
2008 1.5797898e-14
2009 1.5782709e-14
2010 1.5767513e-14
2011 1.5752352e-14
2012 1.5737204e-14
2013 1.5722063e-14
2014 1.5706988e-14
2015 1.5691913e-14
2016 1.5676867e-14
2017 1.5661833e-14
2018 1.5646806e-14
2019 1.563181e-14
2020 1.5616841e-14
2021 1.5601885e-14
2022 1.5586948e-14
2023 1.5572062e-14
2024 1.5557198e-14
2025 1.5542333e-14
2026 1.5527513e-14
2027 1.5512687e-14
2028 1.5497893e-14
2029 1.5483115e-14
2030 1.5468382e-14
2031 1.5453631e-14
2032 1.5438932e-14
2033 1.5424244e-14
2034 1.5409581e-14
2035 1.5394943e-14
2036 1.5380343e-14
2037 1.5365751e-14
2038 1.5351175e-14
2039 1.5336634e-14
2040 1.5322108e-14
2041 1.5307623e-14
2042 1.5293131e-14
2043 1.5278708e-14
2044 1.5264308e-14
2045 1.5249903e-14
2046 1.5235517e-14
2047 1.5221164e-14
2048 1.5206833e-14
2049 1.5192529e-14
2050 1.5178251e-14
2051 1.5163982e-14
2052 1.5149772e-14
2053 1.5135572e-14
2054 1.5121392e-14
2055 1.5107241e-14
2056 1.5093106e-14
2057 1.5078985e-14
2058 1.5064898e-14
2059 1.5050826e-14
2060 1.5036798e-14
2061 1.5022761e-14
2062 1.5008767e-14
2063 1.4994799e-14
2064 1.4980855e-14
2065 1.4966946e-14
2066 1.4953039e-14
2067 1.4939199e-14
2068 1.492536e-14
2069 1.4911578e-14
2070 1.4897794e-14
2071 1.4884017e-14
2072 1.487027e-14
2073 1.4856554e-14
2074 1.4842871e-14
2075 1.4829206e-14
2076 1.4815583e-14
2077 1.4801981e-14
2078 1.4788389e-14
2079 1.4774845e-14
2080 1.4761297e-14
2081 1.4747762e-14
2082 1.4734268e-14
2083 1.4720796e-14
2084 1.4707335e-14
2085 1.4693929e-14
2086 1.4680543e-14
2087 1.4667201e-14
2088 1.4653852e-14
2089 1.4640559e-14
2090 1.4627301e-14
2091 1.4614072e-14
2092 1.4600826e-14
2093 1.4587627e-14
2094 1.4574437e-14
2095 1.4561278e-14
2096 1.4548143e-14
2097 1.4535034e-14
2098 1.4521938e-14
2099 1.450888e-14
2100 1.4495851e-14
2101 1.4482862e-14
2102 1.4469873e-14
2103 1.4456921e-14
2104 1.4444006e-14
2105 1.4431095e-14
2106 1.441821e-14
2107 1.4405366e-14
2108 1.4392555e-14
2109 1.4379766e-14
2110 1.4366992e-14
2111 1.4354226e-14
2112 1.4341504e-14
2113 1.4328807e-14
2114 1.4316139e-14
2115 1.4303504e-14
2116 1.4290885e-14
2117 1.4278302e-14
2118 1.4265712e-14
2119 1.4253185e-14
2120 1.4240668e-14
2121 1.4228174e-14
2122 1.4215703e-14
2123 1.4203274e-14
2124 1.4190863e-14
2125 1.4178472e-14
2126 1.4166075e-14
2127 1.4153714e-14
2128 1.4141378e-14
2129 1.4129073e-14
2130 1.4116787e-14
2131 1.4104546e-14
2132 1.4092321e-14
2133 1.4080113e-14
2134 1.4067924e-14
2135 1.4055754e-14
2136 1.4043587e-14
2137 1.4031499e-14
2138 1.4019413e-14
2139 1.4007345e-14
2140 1.399531e-14
2141 1.3983289e-14
2142 1.397127e-14
2143 1.3959293e-14
2144 1.3947342e-14
2145 1.3935405e-14
2146 1.3923501e-14
2147 1.3911622e-14
2148 1.3899754e-14
2149 1.3887916e-14
2150 1.3876106e-14
2151 1.38643e-14
2152 1.3852526e-14
2153 1.3840773e-14
2154 1.3829041e-14
2155 1.3817337e-14
2156 1.3805659e-14
2157 1.3793997e-14
2158 1.3782341e-14
2159 1.3770711e-14
2160 1.3759116e-14
2161 1.3747557e-14
2162 1.3735983e-14
2163 1.3724454e-14
2164 1.3712949e-14
2165 1.3701464e-14
2166 1.3689978e-14
2167 1.3678534e-14
2168 1.366709e-14
2169 1.3655656e-14
2170 1.3644265e-14
2171 1.3632874e-14
2172 1.3621519e-14
2173 1.3610183e-14
2174 1.3598871e-14
2175 1.3587569e-14
2176 1.3576292e-14
2177 1.356505e-14
2178 1.3553797e-14
2179 1.3542546e-14
2180 1.3531359e-14
2181 1.3520155e-14
2182 1.3508987e-14
2183 1.3497843e-14
2184 1.3486722e-14
2185 1.3475601e-14
2186 1.3464511e-14
2187 1.3453439e-14
2188 1.3442383e-14
2189 1.3431342e-14
2190 1.3420319e-14
2191 1.3409321e-14
2192 1.339832e-14
2193 1.338734e-14
2194 1.3376378e-14
2195 1.336545e-14
2196 1.3354529e-14
2197 1.3343635e-14
2198 1.3332751e-14
2199 1.3321881e-14
2200 1.3311029e-14
2201 1.3300183e-14
2202 1.3289368e-14
2203 1.3278571e-14
2204 1.3267783e-14
2205 1.3257012e-14
2206 1.3246254e-14
2207 1.3235505e-14
2208 1.3224768e-14
2209 1.3214058e-14
2210 1.3203354e-14
2211 1.3192666e-14
2212 1.3182009e-14
2213 1.3171359e-14
2214 1.316072e-14
2215 1.3150096e-14
2216 1.3139491e-14
2217 1.3128878e-14
2218 1.3118293e-14
2219 1.3107737e-14
2220 1.3097164e-14
2221 1.3086611e-14
2222 1.3076083e-14
2223 1.3065576e-14
2224 1.3055079e-14
2225 1.3044593e-14
2226 1.3034108e-14
2227 1.3023649e-14
2228 1.3013205e-14
2229 1.3002758e-14
2230 1.2992323e-14
2231 1.298192e-14
2232 1.2971513e-14
2233 1.296113e-14
2234 1.2950755e-14
2235 1.2940387e-14
2236 1.2930021e-14
2237 1.2919686e-14
2238 1.2909348e-14
2239 1.2899044e-14
2240 1.288873e-14
2241 1.2878434e-14
2242 1.2868152e-14
2243 1.2857888e-14
2244 1.284762e-14
2245 1.2837365e-14
2246 1.2827105e-14
2247 1.2816867e-14
2248 1.2806644e-14
2249 1.2796457e-14
2250 1.2786261e-14
2251 1.2776075e-14
2252 1.2765889e-14
2253 1.2755718e-14
2254 1.2745562e-14
2255 1.2735415e-14
2256 1.2725276e-14
2257 1.2715155e-14
2258 1.2705043e-14
2259 1.2694915e-14
2260 1.2684815e-14
2261 1.2674721e-14
2262 1.2664635e-14
2263 1.2654564e-14
2264 1.2644511e-14
2265 1.2634456e-14
2266 1.2624422e-14
2267 1.2614386e-14
2268 1.2604365e-14
2269 1.2594357e-14
2270 1.2584343e-14
2271 1.2574357e-14
2272 1.2564381e-14
2273 1.2554406e-14
2274 1.2544449e-14
2275 1.2534486e-14
2276 1.2524539e-14
2277 1.251462e-14
2278 1.2504712e-14
2279 1.2494803e-14
2280 1.2484901e-14
2281 1.2475e-14
2282 1.24651e-14
2283 1.2455219e-14
2284 1.2445352e-14
2285 1.24355e-14
2286 1.2425653e-14
2287 1.2415832e-14
2288 1.2406007e-14
2289 1.239619e-14
2290 1.2386374e-14
2291 1.2376569e-14
2292 1.2366781e-14
2293 1.2357e-14
2294 1.2347223e-14
2295 1.2337469e-14
2296 1.2327717e-14
2297 1.2317969e-14
2298 1.2308232e-14
2299 1.2298501e-14
2300 1.2288795e-14
2301 1.2279087e-14
2302 1.2269391e-14
2303 1.2259703e-14
2304 1.2250027e-14
2305 1.2240366e-14
2306 1.2230716e-14
2307 1.222108e-14
2308 1.2211432e-14
2309 1.2201808e-14
2310 1.2192203e-14
2311 1.2182611e-14
2312 1.2173008e-14
2313 1.2163427e-14
2314 1.2153862e-14
2315 1.2144294e-14
2316 1.2134752e-14
2317 1.2125216e-14
2318 1.2115703e-14
2319 1.2106192e-14
2320 1.2096683e-14
2321 1.2087193e-14
2322 1.2077721e-14
2323 1.2068256e-14
2324 1.2058795e-14
2325 1.2049341e-14
2326 1.2039919e-14
2327 1.2030502e-14
2328 1.2021086e-14
2329 1.201169e-14
2330 1.2002293e-14
2331 1.1992901e-14
2332 1.1983538e-14
2333 1.1974191e-14
2334 1.1964849e-14
2335 1.1955524e-14
2336 1.1946211e-14
2337 1.1936905e-14
2338 1.1927608e-14
2339 1.1918334e-14
2340 1.190908e-14
2341 1.1899832e-14
2342 1.1890571e-14
2343 1.1881349e-14
2344 1.187214e-14
2345 1.1862944e-14
2346 1.1853761e-14
2347 1.1844596e-14
2348 1.1835455e-14
2349 1.1826301e-14
2350 1.1817173e-14
2351 1.1808054e-14
2352 1.1798946e-14
2353 1.1789867e-14
2354 1.1780789e-14
2355 1.1771739e-14
2356 1.1762693e-14
2357 1.1753653e-14
2358 1.1744634e-14
2359 1.1735634e-14
2360 1.1726643e-14
2361 1.1717672e-14
2362 1.1708712e-14
2363 1.1699781e-14
2364 1.1690853e-14
2365 1.1681965e-14
2366 1.1673078e-14
2367 1.1664208e-14
2368 1.1655351e-14
2369 1.1646514e-14
2370 1.1637682e-14
2371 1.1628856e-14
2372 1.1620064e-14
2373 1.1611296e-14
2374 1.1602546e-14
2375 1.1593805e-14
2376 1.1585085e-14
2377 1.1576383e-14
2378 1.1567699e-14
2379 1.1559032e-14
2380 1.1550381e-14
2381 1.154174e-14
2382 1.1533118e-14
2383 1.1524525e-14
2384 1.1515945e-14
2385 1.1507381e-14
2386 1.1498834e-14
2387 1.1490317e-14
2388 1.1481814e-14
2389 1.1473319e-14
2390 1.146484e-14
2391 1.1456394e-14
2392 1.1447964e-14
2393 1.1439566e-14
2394 1.1431181e-14
2395 1.142282e-14
2396 1.1414459e-14
2397 1.1406126e-14
2398 1.1397826e-14
2399 1.1389539e-14
2400 1.1381269e-14
2401 1.1373015e-14
2402 1.1364785e-14
2403 1.1356579e-14
2404 1.134839e-14
2405 1.1340217e-14
2406 1.1332059e-14
2407 1.1323937e-14
2408 1.1315828e-14
2409 1.1307742e-14
2410 1.129969e-14
2411 1.1291648e-14
2412 1.1283633e-14
2413 1.1275623e-14
2414 1.126764e-14
2415 1.1259668e-14
2416 1.1251736e-14
2417 1.1243825e-14
2418 1.1235946e-14
2419 1.1228081e-14
2420 1.1220223e-14
2421 1.1212407e-14
2422 1.12046e-14
2423 1.1196823e-14
2424 1.1189061e-14
2425 1.1181331e-14
2426 1.1173615e-14
2427 1.1165924e-14
2428 1.1158255e-14
2429 1.1150613e-14
2430 1.1142989e-14
2431 1.1135385e-14
2432 1.1127815e-14
2433 1.1120257e-14
2434 1.1112723e-14
2435 1.1105228e-14
2436 1.109775e-14
2437 1.1090293e-14
2438 1.1082862e-14
2439 1.1075457e-14
2440 1.1068075e-14
2441 1.1060711e-14
2442 1.1053376e-14
2443 1.1046048e-14
2444 1.1038753e-14
2445 1.1031476e-14
2446 1.1024232e-14
2447 1.1017005e-14
2448 1.1009813e-14
2449 1.1002635e-14
2450 1.0995478e-14
2451 1.0988356e-14
2452 1.0981249e-14
2453 1.0974159e-14
2454 1.0967105e-14
2455 1.096007e-14
2456 1.0953043e-14
2457 1.0946059e-14
2458 1.0939103e-14
2459 1.0932165e-14
2460 1.0925253e-14
2461 1.0918366e-14
2462 1.09115e-14
2463 1.0904663e-14
2464 1.0897839e-14
2465 1.0891045e-14
2466 1.0884273e-14
2467 1.0877524e-14
2468 1.087081e-14
2469 1.0864109e-14
2470 1.0857443e-14
2471 1.0850789e-14
2472 1.0844171e-14
2473 1.0837572e-14
2474 1.0830995e-14
2475 1.0824439e-14
2476 1.0817907e-14
2477 1.0811418e-14
2478 1.0804939e-14
2479 1.0798492e-14
2480 1.0792063e-14
2481 1.0785659e-14
2482 1.0779282e-14
2483 1.0772935e-14
2484 1.0766601e-14
2485 1.0760282e-14
2486 1.0753999e-14
2487 1.0747743e-14
2488 1.0741508e-14
2489 1.073529e-14
2490 1.0729098e-14
2491 1.0722931e-14
2492 1.0716777e-14
2493 1.0710648e-14
2494 1.0704553e-14
2495 1.0698498e-14
2496 1.0692435e-14
2497 1.0686402e-14
2498 1.0680396e-14
2499 1.0674407e-14
2500 1.0668448e-14
2501 1.0662501e-14
2502 1.0656582e-14
2503 1.0650694e-14
2504 1.0644813e-14
2505 1.0638962e-14
2506 1.0633133e-14
2507 1.0627324e-14
2508 1.0621535e-14
2509 1.0615782e-14
2510 1.0610051e-14
2511 1.0604343e-14
2512 1.0598645e-14
2513 1.0592974e-14
2514 1.0587327e-14
2515 1.0581697e-14
2516 1.0576094e-14
2517 1.0570504e-14
2518 1.0564939e-14
2519 1.055939e-14
2520 1.0553866e-14
2521 1.0548355e-14
2522 1.0542868e-14
2523 1.0537399e-14
2524 1.0531948e-14
2525 1.0526517e-14
2526 1.0521102e-14
2527 1.0515719e-14
2528 1.0510357e-14
2529 1.0505012e-14
2530 1.0499695e-14
2531 1.0494384e-14
2532 1.0489097e-14
2533 1.048382e-14
2534 1.0478569e-14
2535 1.047333e-14
2536 1.0468111e-14
2537 1.0462919e-14
2538 1.0457739e-14
2539 1.0452581e-14
2540 1.0447445e-14
2541 1.0442316e-14
2542 1.0437202e-14
2543 1.0432113e-14
2544 1.0427034e-14
2545 1.042197e-14
2546 1.0416925e-14
2547 1.0411908e-14
2548 1.0406889e-14
2549 1.0401887e-14
2550 1.039691e-14
2551 1.0391948e-14
2552 1.0386999e-14
2553 1.0382059e-14
2554 1.037715e-14
2555 1.0372232e-14
2556 1.0367346e-14
2557 1.0362473e-14
2558 1.0357605e-14
2559 1.0352764e-14
2560 1.0347927e-14
2561 1.034311e-14
2562 1.03383e-14
2563 1.0333507e-14
2564 1.0328724e-14
2565 1.0323961e-14
2566 1.0319204e-14
2567 1.0314455e-14
2568 1.0309732e-14
2569 1.0305015e-14
2570 1.0300309e-14
2571 1.0295614e-14
2572 1.0290924e-14
2573 1.0286259e-14
2574 1.0281609e-14
2575 1.027697e-14
2576 1.0272333e-14
2577 1.0267706e-14
2578 1.0263091e-14
2579 1.0258486e-14
2580 1.025389e-14
2581 1.0249314e-14
2582 1.0244744e-14
2583 1.0240177e-14
2584 1.023562e-14
2585 1.0231081e-14
2586 1.0226554e-14
2587 1.0222038e-14
2588 1.0217517e-14
2589 1.0213008e-14
2590 1.0208507e-14
2591 1.0204016e-14
2592 1.0199534e-14
2593 1.0195058e-14
2594 1.0190598e-14
2595 1.018614e-14
2596 1.0181689e-14
2597 1.0177249e-14
2598 1.0172826e-14
2599 1.0168401e-14
2600 1.0163975e-14
2601 1.0159566e-14
2602 1.0155169e-14
2603 1.0150775e-14
2604 1.0146388e-14
2605 1.0142003e-14
2606 1.0137635e-14
2607 1.0133269e-14
2608 1.012891e-14
2609 1.012455e-14
2610 1.0120203e-14
2611 1.0115856e-14
2612 1.011151e-14
2613 1.0107179e-14
2614 1.0102856e-14
2615 1.0098532e-14
2616 1.0094214e-14
2617 1.0089893e-14
2618 1.008559e-14
2619 1.008128e-14
2620 1.0076984e-14
2621 1.0072701e-14
2622 1.0068413e-14
2623 1.0064128e-14
2624 1.0059848e-14
2625 1.0055582e-14
2626 1.0051318e-14
2627 1.0047047e-14
2628 1.004279e-14
2629 1.0038536e-14
2630 1.0034287e-14
2631 1.0030037e-14
2632 1.0025801e-14
2633 1.0021558e-14
2634 1.0017316e-14
2635 1.0013075e-14
2636 1.0008846e-14
2637 1.0004619e-14
2638 1.0000394e-14
2639 9.9961771e-15
2640 9.9919599e-15
2641 9.9877458e-15
2642 9.9835381e-15
2643 9.9793291e-15
2644 9.9751239e-15
2645 9.970929e-15
2646 9.9667451e-15
2647 9.9625504e-15
2648 9.9583624e-15
2649 9.9541808e-15
2650 9.9499977e-15
2651 9.9458129e-15
2652 9.9416483e-15
2653 9.9374818e-15
2654 9.9333158e-15
2655 9.9291483e-15
2656 9.92499e-15
2657 9.9208263e-15
2658 9.9166802e-15
2659 9.9125256e-15
2660 9.9083769e-15
2661 9.904227e-15
2662 9.900078e-15
2663 9.8959429e-15
2664 9.8918038e-15
2665 9.8876808e-15
2666 9.8835471e-15
2667 9.8794219e-15
2668 9.875308e-15
2669 9.871189e-15
2670 9.8670805e-15
2671 9.8629719e-15
2672 9.8588685e-15
2673 9.8547635e-15
2674 9.8506659e-15
2675 9.8465736e-15
2676 9.8424853e-15
2677 9.8384025e-15
2678 9.8343226e-15
2679 9.8302492e-15
2680 9.826174e-15
2681 9.8221099e-15
2682 9.8180507e-15
2683 9.8139975e-15
2684 9.8099403e-15
2685 9.8058877e-15
2686 9.8018448e-15
2687 9.7978098e-15
2688 9.7937748e-15
2689 9.7897437e-15
2690 9.7857236e-15
2691 9.7817005e-15
2692 9.777687e-15
2693 9.7736787e-15
2694 9.7696778e-15
2695 9.7656887e-15
2696 9.7617074e-15
2697 9.7577272e-15
2698 9.7537557e-15
2699 9.7497877e-15
2700 9.7458278e-15
2701 9.7418725e-15
2702 9.7379283e-15
2703 9.7339889e-15
2704 9.7300522e-15
2705 9.7261272e-15
2706 9.7222166e-15
2707 9.7183032e-15
2708 9.7143991e-15
2709 9.7104996e-15
2710 9.7066074e-15
2711 9.702724e-15
2712 9.6988533e-15
2713 9.6949826e-15
2714 9.6911206e-15
2715 9.6872695e-15
2716 9.6834273e-15
2717 9.6795967e-15
2718 9.6757621e-15
2719 9.6719479e-15
2720 9.6681483e-15
2721 9.6643545e-15
2722 9.6605687e-15
2723 9.6567999e-15
2724 9.65303e-15
2725 9.6492778e-15
2726 9.6455272e-15
2727 9.6417949e-15
2728 9.6380737e-15
2729 9.6343612e-15
2730 9.6306589e-15
2731 9.6269666e-15
2732 9.6232926e-15
2733 9.6196167e-15
2734 9.615959e-15
2735 9.6123119e-15
2736 9.608682e-15
2737 9.6050563e-15
2738 9.6014454e-15
2739 9.5978424e-15
2740 9.5942609e-15
2741 9.5906928e-15
2742 9.5871338e-15
2743 9.5835831e-15
2744 9.5800411e-15
2745 9.576525e-15
2746 9.5730072e-15
2747 9.5695112e-15
2748 9.5660225e-15
2749 9.5625516e-15
2750 9.5590827e-15
2751 9.5556409e-15
2752 9.5522169e-15
2753 9.5487975e-15
2754 9.5453951e-15
2755 9.5420035e-15
2756 9.5386362e-15
2757 9.5352697e-15
2758 9.5319272e-15
2759 9.528592e-15
2760 9.5252722e-15
2761 9.5219736e-15
2762 9.5186903e-15
2763 9.5154261e-15
2764 9.5121719e-15
2765 9.5089327e-15
2766 9.505708e-15
2767 9.502501e-15
2768 9.4993129e-15
2769 9.496138e-15
2770 9.4929751e-15
2771 9.4898296e-15
2772 9.4866996e-15
2773 9.4835885e-15
2774 9.480486e-15
2775 9.4774115e-15
2776 9.4743443e-15
2777 9.471296e-15
2778 9.4682616e-15
2779 9.4652494e-15
2780 9.4622523e-15
2781 9.4592669e-15
2782 9.4562937e-15
2783 9.4533463e-15
2784 9.4504124e-15
2785 9.4474968e-15
2786 9.4445998e-15
2787 9.4417201e-15
2788 9.4388563e-15
2789 9.436012e-15
2790 9.4331751e-15
2791 9.4303609e-15
2792 9.4275691e-15
2793 9.4247947e-15
2794 9.4220325e-15
2795 9.4192804e-15
2796 9.4165596e-15
2797 9.4138464e-15
2798 9.4111534e-15
2799 9.4084784e-15
2800 9.4058122e-15
2801 9.4031686e-15
2802 9.4005401e-15
2803 9.3979291e-15
2804 9.3953404e-15
2805 9.3927684e-15
2806 9.3902197e-15
2807 9.3876748e-15
2808 9.3851497e-15
2809 9.3826423e-15
2810 9.3801535e-15
2811 9.3776794e-15
2812 9.3752204e-15
2813 9.3727769e-15
2814 9.3703548e-15
2815 9.3679552e-15
2816 9.3655688e-15
2817 9.3631991e-15
2818 9.3608469e-15
2819 9.3585046e-15
2820 9.3561751e-15
2821 9.3538727e-15
2822 9.351586e-15
2823 9.3493021e-15
2824 9.3470442e-15
2825 9.3448055e-15
2826 9.3425768e-15
2827 9.3403717e-15
2828 9.3381751e-15
2829 9.3359948e-15
2830 9.3338226e-15
2831 9.3316682e-15
2832 9.3295326e-15
2833 9.3274112e-15
2834 9.3253024e-15
2835 9.323207e-15
2836 9.321129e-15
2837 9.3190666e-15
2838 9.3170221e-15
2839 9.3149898e-15
2840 9.3129691e-15
2841 9.3109648e-15
2842 9.3089703e-15
2843 9.3069961e-15
2844 9.3050273e-15
2845 9.303078e-15
2846 9.3011397e-15
2847 9.2992153e-15
2848 9.2973051e-15
2849 9.2954055e-15
2850 9.2935155e-15
2851 9.291635e-15
2852 9.289766e-15
2853 9.2879178e-15
2854 9.2860777e-15
2855 9.2842457e-15
2856 9.2824253e-15
2857 9.2806158e-15
2858 9.2788135e-15
2859 9.2770245e-15
2860 9.2752434e-15
2861 9.2734712e-15
2862 9.271711e-15
2863 9.2699583e-15
2864 9.268221e-15
2865 9.2664912e-15
2866 9.2647701e-15
2867 9.2630542e-15
2868 9.2613492e-15
2869 9.2596463e-15
2870 9.2579593e-15
2871 9.2562759e-15
2872 9.2545996e-15
2873 9.2529341e-15
2874 9.2512833e-15
2875 9.249633e-15
2876 9.2479894e-15
2877 9.2463504e-15
2878 9.2447193e-15
2879 9.2430939e-15
2880 9.2414747e-15
2881 9.2398546e-15
2882 9.2382387e-15
2883 9.2366301e-15
2884 9.2350293e-15
2885 9.2334308e-15
2886 9.2318381e-15
2887 9.2302511e-15
2888 9.2286685e-15
2889 9.2270907e-15
2890 9.2255106e-15
2891 9.2239416e-15
2892 9.2223691e-15
2893 9.2207966e-15
2894 9.2192297e-15
2895 9.2176616e-15
2896 9.2161049e-15
2897 9.2145363e-15
2898 9.2129761e-15
2899 9.2114177e-15
2900 9.2098604e-15
2901 9.2083008e-15
2902 9.2067462e-15
2903 9.2051949e-15
2904 9.2036399e-15
2905 9.2020922e-15
2906 9.2005426e-15
2907 9.1989864e-15
2908 9.1974293e-15
2909 9.1958739e-15
2910 9.1943216e-15
2911 9.192765e-15
2912 9.1912069e-15
2913 9.189652e-15
2914 9.1880962e-15
2915 9.1865339e-15
2916 9.1849695e-15
2917 9.1834021e-15
2918 9.181829e-15
2919 9.1802556e-15
2920 9.1786823e-15
2921 9.1771072e-15
2922 9.175532e-15
2923 9.173957e-15
2924 9.172375e-15
2925 9.1707902e-15
2926 9.1691997e-15
2927 9.1676044e-15
2928 9.1660026e-15
2929 9.1644026e-15
2930 9.1627983e-15
2931 9.1611894e-15
2932 9.1595773e-15
2933 9.1579623e-15
2934 9.1563466e-15
2935 9.1547225e-15
2936 9.1530947e-15
2937 9.1514621e-15
2938 9.149824e-15
2939 9.1481842e-15
2940 9.1465368e-15
2941 9.1448866e-15
2942 9.1432326e-15
2943 9.1415734e-15
2944 9.1399098e-15
2945 9.1382436e-15
2946 9.1365731e-15
2947 9.1348917e-15
2948 9.1332092e-15
2949 9.1315248e-15
2950 9.1298339e-15
2951 9.1281361e-15
2952 9.12644e-15
2953 9.1247353e-15
2954 9.1230274e-15
2955 9.1213147e-15
2956 9.119601e-15
2957 9.1178847e-15
2958 9.1161603e-15
2959 9.1144328e-15
2960 9.1126976e-15
2961 9.110961e-15
2962 9.1092198e-15
2963 9.1074729e-15
2964 9.1057241e-15
2965 9.1039667e-15
2966 9.1022164e-15
2967 9.1004582e-15
2968 9.0986973e-15
2969 9.0969392e-15
2970 9.0951732e-15
2971 9.0934072e-15
2972 9.0916339e-15
2973 9.089857e-15
2974 9.0880807e-15
2975 9.0863e-15
2976 9.0845236e-15
2977 9.0827406e-15
2978 9.080958e-15
2979 9.0791718e-15
2980 9.0773881e-15
2981 9.0756032e-15
2982 9.0738179e-15
2983 9.0720321e-15
2984 9.0702467e-15
2985 9.0684645e-15
2986 9.0666784e-15
2987 9.0648919e-15
2988 9.0631119e-15
2989 9.0613316e-15
2990 9.0595529e-15
2991 9.0577755e-15
2992 9.0560015e-15
2993 9.0542262e-15
2994 9.0524575e-15
2995 9.0506926e-15
2996 9.0489305e-15
2997 9.0471777e-15
2998 9.0454267e-15
2999 9.0436778e-15
3000 9.041939e-15
