# Fiducial parameters: cosmomc_theta = 0.0104092, logA = 3.044, ombh2 = 0.02237, omch2 = 0.12, ns = 0.9649, tau = 0.0544, h = 0.6733981423479604, lens_potential_accuracy = 8, lens_margin = 2050, AccuracyBoost = 2.0, lSampleBoost = 2.0, lAccuracyBoost = 2.0, kmax = 10, k_per_logint = 130, nonlinear = True, DoLateRadTruncation = False
30 2.3908725e-10
31 2.2441935e-10
32 2.110264e-10
33 1.9875868e-10
34 1.8748787e-10
35 1.7711855e-10
36 1.6754901e-10
37 1.5870643e-10
38 1.5051023e-10
39 1.4290907e-10
40 1.3584682e-10
41 1.2926999e-10
42 1.2313589e-10
43 1.1740745e-10
44 1.1205272e-10
45 1.0703942e-10
46 1.0233564e-10
47 9.7914016e-11
48 9.376774e-11
49 8.9864036e-11
50 8.6180848e-11
51 8.2713377e-11
52 7.9445724e-11
53 7.6352697e-11
54 7.3428434e-11
55 7.0661209e-11
56 6.8037385e-11
57 6.5547662e-11
58 6.3188026e-11
59 6.0940817e-11
60 5.8810788e-11
61 5.6780304e-11
62 5.4849474e-11
63 5.3015279e-11
64 5.1262623e-11
65 4.9590241e-11
66 4.7994009e-11
67 4.6471703e-11
68 4.5014173e-11
69 4.3621416e-11
70 4.2288367e-11
71 4.1013601e-11
72 3.9794519e-11
73 3.862746e-11
74 3.7506599e-11
75 3.643031e-11
76 3.5398656e-11
77 3.4408995e-11
78 3.3457025e-11
79 3.2541909e-11
80 3.1662422e-11
81 3.0814985e-11
82 3.0001954e-11
83 2.9217623e-11
84 2.8464836e-11
85 2.7738483e-11
86 2.7037786e-11
87 2.6363006e-11
88 2.5712077e-11
89 2.5083526e-11
90 2.4477156e-11
91 2.3891732e-11
92 2.3328532e-11
93 2.2781523e-11
94 2.2253019e-11
95 2.1743648e-11
96 2.1251877e-11
97 2.0775654e-11
98 2.0314466e-11
99 1.9868319e-11
100 1.9435408e-11
101 1.9017092e-11
102 1.861146e-11
103 1.8217601e-11
104 1.7838508e-11
105 1.7470254e-11
106 1.7111267e-11
107 1.6764343e-11
108 1.6427354e-11
109 1.610123e-11
110 1.5784346e-11
111 1.547622e-11
112 1.5177629e-11
113 1.4887291e-11
114 1.4605377e-11
115 1.4331721e-11
116 1.4065115e-11
117 1.3805844e-11
118 1.3554487e-11
119 1.3310383e-11
120 1.3071924e-11
121 1.2839571e-11
122 1.2613969e-11
123 1.2394288e-11
124 1.2181243e-11
125 1.1973473e-11
126 1.1771233e-11
127 1.1574035e-11
128 1.1381781e-11
129 1.1194051e-11
130 1.1011006e-11
131 1.083246e-11
132 1.065955e-11
133 1.0490267e-11
134 1.0325413e-11
135 1.0164747e-11
136 1.0007233e-11
137 9.8543143e-12
138 9.7049738e-12
139 9.5592532e-12
140 9.4173106e-12
141 9.2783853e-12
142 9.142608e-12
143 9.0095836e-12
144 8.8797402e-12
145 8.753022e-12
146 8.6292465e-12
147 8.5080755e-12
148 8.3898969e-12
149 8.2745501e-12
150 8.1615485e-12
151 8.0512709e-12
152 7.9429845e-12
153 7.837348e-12
154 7.7337545e-12
155 7.6324699e-12
156 7.5334826e-12
157 7.4366526e-12
158 7.3416682e-12
159 7.2486724e-12
160 7.1577659e-12
161 7.0688673e-12
162 6.9819017e-12
163 6.8970422e-12
164 6.8130886e-12
165 6.7313854e-12
166 6.6511474e-12
167 6.5725223e-12
168 6.4952632e-12
169 6.4198165e-12
170 6.3456289e-12
171 6.2727433e-12
172 6.2015807e-12
173 6.131651e-12
174 6.0632177e-12
175 5.9960786e-12
176 5.9301094e-12
177 5.8655107e-12
178 5.801831e-12
179 5.739475e-12
180 5.6783893e-12
181 5.6182335e-12
182 5.5593297e-12
183 5.5012662e-12
184 5.4445602e-12
185 5.3885681e-12
186 5.3337228e-12
187 5.2799936e-12
188 5.2273164e-12
189 5.1755075e-12
190 5.1245287e-12
191 5.074274e-12
192 5.02491e-12
193 4.9763431e-12
194 4.9285627e-12
195 4.8816949e-12
196 4.8356605e-12
197 4.7902601e-12
198 4.7457984e-12
199 4.7018739e-12
200 4.6586475e-12
201 4.6161183e-12
202 4.574286e-12
203 4.5331023e-12
204 4.4925882e-12
205 4.4527233e-12
206 4.4134828e-12
207 4.3748476e-12
208 4.3368254e-12
209 4.2992253e-12
210 4.2622147e-12
211 4.22573e-12
212 4.1898365e-12
213 4.1545031e-12
214 4.1197111e-12
215 4.0855341e-12
216 4.0516924e-12
217 4.0183934e-12
218 3.9855187e-12
219 3.9532139e-12
220 3.9211675e-12
221 3.8897722e-12
222 3.8586879e-12
223 3.8280047e-12
224 3.7976764e-12
225 3.7677204e-12
226 3.7381888e-12
227 3.7090951e-12
228 3.6803469e-12
229 3.6520704e-12
230 3.6240972e-12
231 3.5964896e-12
232 3.569238e-12
233 3.5422262e-12
234 3.5155906e-12
235 3.4893009e-12
236 3.4632401e-12
237 3.4375438e-12
238 3.4121607e-12
239 3.3870657e-12
240 3.3622644e-12
241 3.3376546e-12
242 3.3134597e-12
243 3.289464e-12
244 3.2656943e-12
245 3.2422713e-12
246 3.2190886e-12
247 3.1962049e-12
248 3.1734811e-12
249 3.151033e-12
250 3.1287741e-12
251 3.1067542e-12
252 3.0849447e-12
253 3.0634024e-12
254 3.0420235e-12
255 3.0209576e-12
256 3.0000748e-12
257 2.9793296e-12
258 2.9587651e-12
259 2.9383496e-12
260 2.9181948e-12
261 2.8982234e-12
262 2.8784396e-12
263 2.8588803e-12
264 2.8394415e-12
265 2.8202558e-12
266 2.8011746e-12
267 2.7822856e-12
268 2.7635671e-12
269 2.7449969e-12
270 2.7265377e-12
271 2.7082678e-12
272 2.6902045e-12
273 2.6722311e-12
274 2.6543912e-12
275 2.6367541e-12
276 2.6192306e-12
277 2.6018324e-12
278 2.5846054e-12
279 2.5674797e-12
280 2.550492e-12
281 2.5336949e-12
282 2.5170044e-12
283 2.5004165e-12
284 2.4840165e-12
285 2.4676908e-12
286 2.4515405e-12
287 2.4354993e-12
288 2.4195922e-12
289 2.4037628e-12
290 2.3880742e-12
291 2.3725087e-12
292 2.3570578e-12
293 2.34165e-12
294 2.326434e-12
295 2.3113321e-12
296 2.2963049e-12
297 2.2813984e-12
298 2.2665451e-12
299 2.2519031e-12
300 2.2373384e-12
301 2.2228648e-12
302 2.208517e-12
303 2.194295e-12
304 2.1801506e-12
305 2.1661019e-12
306 2.1521262e-12
307 2.1382894e-12
308 2.1245654e-12
309 2.1109183e-12
310 2.0974006e-12
311 2.0839456e-12
312 2.0705899e-12
313 2.0573552e-12
314 2.0442155e-12
315 2.0311645e-12
316 2.0181883e-12
317 2.0053339e-12
318 1.9925588e-12
319 1.9798865e-12
320 1.9673026e-12
321 1.9548051e-12
322 1.9424404e-12
323 1.9301585e-12
324 1.9179846e-12
325 1.9058791e-12
326 1.8938769e-12
327 1.8819517e-12
328 1.8700924e-12
329 1.858342e-12
330 1.8466901e-12
331 1.835102e-12
332 1.8236131e-12
333 1.8122208e-12
334 1.800907e-12
335 1.7896745e-12
336 1.778526e-12
337 1.7674589e-12
338 1.7564883e-12
339 1.7455972e-12
340 1.7348031e-12
341 1.7240586e-12
342 1.7134199e-12
343 1.7028852e-12
344 1.6923935e-12
345 1.6819844e-12
346 1.6716484e-12
347 1.6613897e-12
348 1.6512263e-12
349 1.6411443e-12
350 1.6311503e-12
351 1.6212291e-12
352 1.6113468e-12
353 1.6015874e-12
354 1.5918749e-12
355 1.5822518e-12
356 1.5726752e-12
357 1.563204e-12
358 1.5537699e-12
359 1.5444303e-12
360 1.5351591e-12
361 1.5259768e-12
362 1.516836e-12
363 1.5077852e-12
364 1.4988037e-12
365 1.4898965e-12
366 1.4810379e-12
367 1.4722593e-12
368 1.4635409e-12
369 1.454894e-12
370 1.4463211e-12
371 1.4378164e-12
372 1.4293541e-12
373 1.4209747e-12
374 1.4126533e-12
375 1.4043938e-12
376 1.3962094e-12
377 1.3880852e-12
378 1.380021e-12
379 1.3720117e-12
380 1.364067e-12
381 1.3561804e-12
382 1.3483656e-12
383 1.3405876e-12
384 1.3328799e-12
385 1.3252288e-12
386 1.3176322e-12
387 1.3101015e-12
388 1.3026484e-12
389 1.2952486e-12
390 1.2879053e-12
391 1.28061e-12
392 1.2733616e-12
393 1.2661754e-12
394 1.2590457e-12
395 1.2519798e-12
396 1.2449633e-12
397 1.2379813e-12
398 1.2310629e-12
399 1.2242067e-12
400 1.2174055e-12
401 1.2106491e-12
402 1.2039539e-12
403 1.19731e-12
404 1.1907171e-12
405 1.1841616e-12
406 1.1776725e-12
407 1.1712268e-12
408 1.1648194e-12
409 1.1584774e-12
410 1.1521991e-12
411 1.1459496e-12
412 1.1397617e-12
413 1.1336126e-12
414 1.1275103e-12
415 1.121451e-12
416 1.1154443e-12
417 1.1094902e-12
418 1.1035847e-12
419 1.097724e-12
420 1.0918984e-12
421 1.0861282e-12
422 1.0804142e-12
423 1.0747313e-12
424 1.0690969e-12
425 1.0634948e-12
426 1.0579578e-12
427 1.0524458e-12
428 1.0469913e-12
429 1.0415565e-12
430 1.0361814e-12
431 1.0308562e-12
432 1.0255765e-12
433 1.0203347e-12
434 1.015131e-12
435 1.009976e-12
436 1.0048459e-12
437 9.9976652e-13
438 9.9472775e-13
439 9.8972969e-13
440 9.8476329e-13
441 9.7984518e-13
442 9.7495896e-13
443 9.7011252e-13
444 9.6530912e-13
445 9.6053597e-13
446 9.5581189e-13
447 9.5112645e-13
448 9.4648252e-13
449 9.4186898e-13
450 9.3728401e-13
451 9.3274348e-13
452 9.2823675e-13
453 9.2376018e-13
454 9.1933229e-13
455 9.1493842e-13
456 9.1057801e-13
457 9.0624971e-13
458 9.0195239e-13
459 8.9769102e-13
460 8.9346484e-13
461 8.8927221e-13
462 8.851146e-13
463 8.8098754e-13
464 8.7689757e-13
465 8.7283844e-13
466 8.6880339e-13
467 8.648065e-13
468 8.6083661e-13
469 8.5690057e-13
470 8.5300009e-13
471 8.4913255e-13
472 8.4530428e-13
473 8.4149874e-13
474 8.3771443e-13
475 8.3396543e-13
476 8.3024802e-13
477 8.2655528e-13
478 8.2289407e-13
479 8.1926922e-13
480 8.1566471e-13
481 8.1208993e-13
482 8.0854526e-13
483 8.0502306e-13
484 8.0153101e-13
485 7.980686e-13
486 7.94624e-13
487 7.9121129e-13
488 7.878294e-13
489 7.844737e-13
490 7.8114542e-13
491 7.7782896e-13
492 7.7454513e-13
493 7.7128847e-13
494 7.6805688e-13
495 7.6484762e-13
496 7.6166368e-13
497 7.5850807e-13
498 7.5537284e-13
499 7.5226474e-13
500 7.4916794e-13
501 7.4610489e-13
502 7.4306279e-13
503 7.4004243e-13
504 7.370505e-13
505 7.3407146e-13
506 7.3112342e-13
507 7.2819061e-13
508 7.2528192e-13
509 7.2238789e-13
510 7.1951678e-13
511 7.1666816e-13
512 7.1383954e-13
513 7.110353e-13
514 7.0824972e-13
515 7.0548436e-13
516 7.027414e-13
517 7.0001735e-13
518 6.9730255e-13
519 6.946157e-13
520 6.9194746e-13
521 6.8929476e-13
522 6.8667046e-13
523 6.8405107e-13
524 6.8145405e-13
525 6.7887831e-13
526 6.7631761e-13
527 6.7377782e-13
528 6.7125009e-13
529 6.6874682e-13
530 6.6624927e-13
531 6.6377395e-13
532 6.6132175e-13
533 6.5887411e-13
534 6.5645033e-13
535 6.5404023e-13
536 6.5164499e-13
537 6.4926452e-13
538 6.4690479e-13
539 6.4455524e-13
540 6.422234e-13
541 6.399036e-13
542 6.3759746e-13
543 6.3530491e-13
544 6.3302907e-13
545 6.3076583e-13
546 6.2851679e-13
547 6.2627665e-13
548 6.2405299e-13
549 6.218427e-13
550 6.1965015e-13
551 6.1746597e-13
552 6.1530204e-13
553 6.1314292e-13
554 6.1099831e-13
555 6.0886326e-13
556 6.0674435e-13
557 6.0463861e-13
558 6.025409e-13
559 6.0045794e-13
560 5.9838724e-13
561 5.9632735e-13
562 5.9427756e-13
563 5.9223833e-13
564 5.9021401e-13
565 5.8819573e-13
566 5.8618848e-13
567 5.8419714e-13
568 5.8221078e-13
569 5.8024151e-13
570 5.7827754e-13
571 5.7631995e-13
572 5.7437929e-13
573 5.7245099e-13
574 5.7052408e-13
575 5.6861004e-13
576 5.6670898e-13
577 5.6481328e-13
578 5.629285e-13
579 5.6105575e-13
580 5.5918877e-13
581 5.573315e-13
582 5.5548407e-13
583 5.5364487e-13
584 5.5181524e-13
585 5.4999431e-13
586 5.481834e-13
587 5.4637927e-13
588 5.445878e-13
589 5.4279819e-13
590 5.410228e-13
591 5.3925047e-13
592 5.374858e-13
593 5.357315e-13
594 5.3398428e-13
595 5.3224771e-13
596 5.3051944e-13
597 5.2879448e-13
598 5.2707942e-13
599 5.2536751e-13
600 5.2366622e-13
601 5.2197196e-13
602 5.2028553e-13
603 5.1860819e-13
604 5.1693594e-13
605 5.1527212e-13
606 5.1361432e-13
607 5.1196422e-13
608 5.1032024e-13
609 5.0868505e-13
610 5.0705383e-13
611 5.0543023e-13
612 5.0381252e-13
613 5.0220436e-13
614 5.0060582e-13
615 4.9901e-13
616 4.9742225e-13
617 4.9583972e-13
618 4.9426376e-13
619 4.9269054e-13
620 4.9112426e-13
621 4.8956686e-13
622 4.8801626e-13
623 4.8647154e-13
624 4.849318e-13
625 4.834003e-13
626 4.8187307e-13
627 4.8035252e-13
628 4.7883988e-13
629 4.7733205e-13
630 4.7583196e-13
631 4.7433714e-13
632 4.7284557e-13
633 4.7135991e-13
634 4.6987983e-13
635 4.6840666e-13
636 4.6694062e-13
637 4.6548029e-13
638 4.6402487e-13
639 4.6257267e-13
640 4.6112759e-13
641 4.596897e-13
642 4.5825818e-13
643 4.5683025e-13
644 4.5540675e-13
645 4.5399147e-13
646 4.5258136e-13
647 4.5117388e-13
648 4.4977469e-13
649 4.4837948e-13
650 4.4698822e-13
651 4.4560504e-13
652 4.4422603e-13
653 4.4285192e-13
654 4.4148361e-13
655 4.4011831e-13
656 4.3876286e-13
657 4.374094e-13
658 4.3606157e-13
659 4.3472056e-13
660 4.3338223e-13
661 4.3205062e-13
662 4.3072335e-13
663 4.2939971e-13
664 4.2808135e-13
665 4.2676877e-13
666 4.2546052e-13
667 4.2415971e-13
668 4.2286307e-13
669 4.2157189e-13
670 4.2028562e-13
671 4.1900299e-13
672 4.1772567e-13
673 4.1645289e-13
674 4.1518613e-13
675 4.1392058e-13
676 4.126634e-13
677 4.1141067e-13
678 4.1016022e-13
679 4.0891552e-13
680 4.0767546e-13
681 4.0643955e-13
682 4.0520924e-13
683 4.0398288e-13
684 4.0276336e-13
685 4.0154564e-13
686 4.0033356e-13
687 3.9912572e-13
688 3.9792366e-13
689 3.9672483e-13
690 3.9553168e-13
691 3.9434272e-13
692 3.9315843e-13
693 3.919776e-13
694 3.9080218e-13
695 3.8963055e-13
696 3.8846272e-13
697 3.8730063e-13
698 3.8614217e-13
699 3.8499025e-13
700 3.8384204e-13
701 3.8269752e-13
702 3.8155641e-13
703 3.8042098e-13
704 3.7928853e-13
705 3.7816167e-13
706 3.7703955e-13
707 3.7592066e-13
708 3.7480642e-13
709 3.7369736e-13
710 3.7259125e-13
711 3.7148923e-13
712 3.7039332e-13
713 3.693002e-13
714 3.6821026e-13
715 3.6712494e-13
716 3.6604476e-13
717 3.6496849e-13
718 3.6389644e-13
719 3.6282843e-13
720 3.617662e-13
721 3.6070746e-13
722 3.5965202e-13
723 3.5860242e-13
724 3.5755437e-13
725 3.5651187e-13
726 3.5547486e-13
727 3.5444036e-13
728 3.5341061e-13
729 3.5238553e-13
730 3.5136382e-13
731 3.5034827e-13
732 3.4933637e-13
733 3.4832822e-13
734 3.4732366e-13
735 3.4632198e-13
736 3.4532727e-13
737 3.4433493e-13
738 3.4334598e-13
739 3.4236308e-13
740 3.413826e-13
741 3.4040631e-13
742 3.394347e-13
743 3.3846663e-13
744 3.3750285e-13
745 3.3654271e-13
746 3.3558615e-13
747 3.3463506e-13
748 3.3368811e-13
749 3.3274461e-13
750 3.3180404e-13
751 3.3086865e-13
752 3.2993562e-13
753 3.2900705e-13
754 3.2808243e-13
755 3.2716233e-13
756 3.2624635e-13
757 3.2533345e-13
758 3.2442576e-13
759 3.2352192e-13
760 3.226213e-13
761 3.2172366e-13
762 3.2083162e-13
763 3.1994223e-13
764 3.1905709e-13
765 3.1817535e-13
766 3.1729913e-13
767 3.1642696e-13
768 3.1555773e-13
769 3.1469206e-13
770 3.1383119e-13
771 3.1297363e-13
772 3.1211897e-13
773 3.1126857e-13
774 3.1042219e-13
775 3.0957865e-13
776 3.0874032e-13
777 3.0790645e-13
778 3.0707546e-13
779 3.062489e-13
780 3.0542506e-13
781 3.0460535e-13
782 3.0378863e-13
783 3.0297482e-13
784 3.0216568e-13
785 3.013597e-13
786 3.0055865e-13
787 2.9976062e-13
788 2.9896637e-13
789 2.9817547e-13
790 2.9738825e-13
791 2.9660389e-13
792 2.958237e-13
793 2.9504688e-13
794 2.942746e-13
795 2.9350545e-13
796 2.927395e-13
797 2.9197823e-13
798 2.912192e-13
799 2.9046418e-13
800 2.8971302e-13
801 2.8896502e-13
802 2.8822048e-13
803 2.8748005e-13
804 2.8674179e-13
805 2.860073e-13
806 2.8527594e-13
807 2.8454895e-13
808 2.8382443e-13
809 2.8310344e-13
810 2.8238661e-13
811 2.8167298e-13
812 2.8096118e-13
813 2.8025452e-13
814 2.7955054e-13
815 2.7884958e-13
816 2.7815062e-13
817 2.7745443e-13
818 2.7676367e-13
819 2.760743e-13
820 2.7538836e-13
821 2.7470577e-13
822 2.7402804e-13
823 2.733513e-13
824 2.7267787e-13
825 2.7200673e-13
826 2.7133944e-13
827 2.7067484e-13
828 2.7001286e-13
829 2.6935401e-13
830 2.6869776e-13
831 2.6804541e-13
832 2.6739534e-13
833 2.6674847e-13
834 2.661051e-13
835 2.6546344e-13
836 2.6482506e-13
837 2.6418886e-13
838 2.6355621e-13
839 2.6292587e-13
840 2.6229806e-13
841 2.6167329e-13
842 2.6105096e-13
843 2.6043181e-13
844 2.5981493e-13
845 2.5920079e-13
846 2.585886e-13
847 2.5797959e-13
848 2.5737202e-13
849 2.5676757e-13
850 2.5616613e-13
851 2.5556676e-13
852 2.5497065e-13
853 2.5437651e-13
854 2.537855e-13
855 2.5319652e-13
856 2.5261027e-13
857 2.5202621e-13
858 2.5144389e-13
859 2.5086404e-13
860 2.5028658e-13
861 2.497123e-13
862 2.4913965e-13
863 2.4856859e-13
864 2.4800014e-13
865 2.474336e-13
866 2.4686939e-13
867 2.463075e-13
868 2.457476e-13
869 2.451899e-13
870 2.4463456e-13
871 2.4408048e-13
872 2.4352988e-13
873 2.4297947e-13
874 2.4243344e-13
875 2.4188834e-13
876 2.4134522e-13
877 2.4080382e-13
878 2.4026498e-13
879 2.397285e-13
880 2.3919219e-13
881 2.3865886e-13
882 2.3812727e-13
883 2.3759844e-13
884 2.3707015e-13
885 2.3654443e-13
886 2.3602044e-13
887 2.3549835e-13
888 2.3497812e-13
889 2.3445944e-13
890 2.3394219e-13
891 2.3342719e-13
892 2.3291327e-13
893 2.3240175e-13
894 2.3189133e-13
895 2.3138314e-13
896 2.3087621e-13
897 2.3037067e-13
898 2.2986718e-13
899 2.2936497e-13
900 2.2886513e-13
901 2.2836633e-13
902 2.2786918e-13
903 2.273736e-13
904 2.2687921e-13
905 2.2638649e-13
906 2.2589549e-13
907 2.2540581e-13
908 2.2491807e-13
909 2.2443072e-13
910 2.239448e-13
911 2.2346098e-13
912 2.2297896e-13
913 2.2249785e-13
914 2.220178e-13
915 2.2153924e-13
916 2.2106199e-13
917 2.2058613e-13
918 2.2011121e-13
919 2.1963778e-13
920 2.1916621e-13
921 2.1869565e-13
922 2.1822641e-13
923 2.1775836e-13
924 2.1729181e-13
925 2.168267e-13
926 2.1636245e-13
927 2.1590007e-13
928 2.1543806e-13
929 2.1497795e-13
930 2.1451921e-13
931 2.1406169e-13
932 2.1360503e-13
933 2.1314943e-13
934 2.126957e-13
935 2.1224269e-13
936 2.1179116e-13
937 2.1134011e-13
938 2.1089027e-13
939 2.1044207e-13
940 2.0999429e-13
941 2.0954804e-13
942 2.0910321e-13
943 2.0865919e-13
944 2.0821638e-13
945 2.0777489e-13
946 2.0733452e-13
947 2.0689502e-13
948 2.0645647e-13
949 2.0601983e-13
950 2.0558393e-13
951 2.0514879e-13
952 2.0471497e-13
953 2.0428142e-13
954 2.0384959e-13
955 2.0341867e-13
956 2.0298869e-13
957 2.0255964e-13
958 2.0213165e-13
959 2.0170504e-13
960 2.0127909e-13
961 2.0085417e-13
962 2.0043022e-13
963 2.000075e-13
964 1.9958516e-13
965 1.9916465e-13
966 1.9874482e-13
967 1.9832656e-13
968 1.9790887e-13
969 1.9749214e-13
970 1.9707626e-13
971 1.9666152e-13
972 1.9624782e-13
973 1.9583501e-13
974 1.9542295e-13
975 1.950124e-13
976 1.9460216e-13
977 1.9419281e-13
978 1.9378486e-13
979 1.933778e-13
980 1.9297189e-13
981 1.9256635e-13
982 1.9216185e-13
983 1.9175843e-13
984 1.9135578e-13
985 1.9095447e-13
986 1.9055415e-13
987 1.9015452e-13
988 1.8975578e-13
989 1.8935748e-13
990 1.8896071e-13
991 1.8856493e-13
992 1.8816928e-13
993 1.8777499e-13
994 1.8738205e-13
995 1.8698995e-13
996 1.8659883e-13
997 1.862084e-13
998 1.8581836e-13
999 1.8542937e-13
1000 1.8504133e-13
1001 1.8465427e-13
1002 1.8426794e-13
1003 1.8388247e-13
1004 1.8349812e-13
1005 1.8311486e-13
1006 1.8273241e-13
1007 1.8235096e-13
1008 1.8196987e-13
1009 1.8158982e-13
1010 1.8121101e-13
1011 1.8083303e-13
1012 1.8045559e-13
1013 1.8007965e-13
1014 1.7970458e-13
1015 1.7933027e-13
1016 1.7895698e-13
1017 1.7858451e-13
1018 1.7821309e-13
1019 1.7784271e-13
1020 1.7747292e-13
1021 1.7710431e-13
1022 1.7673631e-13
1023 1.7636941e-13
1024 1.7600318e-13
1025 1.7563781e-13
1026 1.7527347e-13
1027 1.7491033e-13
1028 1.7454783e-13
1029 1.7418611e-13
1030 1.7382506e-13
1031 1.7346519e-13
1032 1.7310604e-13
1033 1.7274796e-13
1034 1.7239084e-13
1035 1.7203455e-13
1036 1.7167949e-13
1037 1.7132521e-13
1038 1.7097182e-13
1039 1.7061922e-13
1040 1.7026779e-13
1041 1.6991747e-13
1042 1.6956762e-13
1043 1.6921897e-13
1044 1.6887116e-13
1045 1.6852407e-13
1046 1.6817837e-13
1047 1.6783353e-13
1048 1.6748942e-13
1049 1.6714678e-13
1050 1.668043e-13
1051 1.6646296e-13
1052 1.6612283e-13
1053 1.6578342e-13
1054 1.6544477e-13
1055 1.6510722e-13
1056 1.6477087e-13
1057 1.6443499e-13
1058 1.6410016e-13
1059 1.6376654e-13
1060 1.6343414e-13
1061 1.6310235e-13
1062 1.6277146e-13
1063 1.6244165e-13
1064 1.621129e-13
1065 1.6178503e-13
1066 1.6145815e-13
1067 1.6113186e-13
1068 1.6080664e-13
1069 1.6048219e-13
1070 1.6015915e-13
1071 1.5983681e-13
1072 1.5951558e-13
1073 1.5919514e-13
1074 1.5887576e-13
1075 1.5855739e-13
1076 1.5823983e-13
1077 1.5792304e-13
1078 1.5760735e-13
1079 1.572925e-13
1080 1.5697886e-13
1081 1.5666611e-13
1082 1.5635424e-13
1083 1.5604343e-13
1084 1.5573341e-13
1085 1.5542445e-13
1086 1.5511651e-13
1087 1.5480947e-13
1088 1.5450309e-13
1089 1.5419803e-13
1090 1.5389391e-13
1091 1.535907e-13
1092 1.5328836e-13
1093 1.5298713e-13
1094 1.5268708e-13
1095 1.5238784e-13
1096 1.5208948e-13
1097 1.5179179e-13
1098 1.5149523e-13
1099 1.5119939e-13
1100 1.5090476e-13
1101 1.5061117e-13
1102 1.5031813e-13
1103 1.5002639e-13
1104 1.4973547e-13
1105 1.4944546e-13
1106 1.4915651e-13
1107 1.4886859e-13
1108 1.485814e-13
1109 1.4829513e-13
1110 1.4801001e-13
1111 1.4772604e-13
1112 1.4744264e-13
1113 1.4716039e-13
1114 1.4687938e-13
1115 1.4659873e-13
1116 1.46319e-13
1117 1.4604065e-13
1118 1.4576286e-13
1119 1.4548603e-13
1120 1.4520996e-13
1121 1.4493482e-13
1122 1.4466059e-13
1123 1.4438722e-13
1124 1.4411473e-13
1125 1.4384344e-13
1126 1.4357278e-13
1127 1.4330325e-13
1128 1.4303483e-13
1129 1.4276696e-13
1130 1.4249976e-13
1131 1.4223374e-13
1132 1.4196836e-13
1133 1.4170404e-13
1134 1.4144065e-13
1135 1.4117815e-13
1136 1.4091666e-13
1137 1.40656e-13
1138 1.4039581e-13
1139 1.401368e-13
1140 1.3987872e-13
1141 1.3962131e-13
1142 1.393651e-13
1143 1.391095e-13
1144 1.388543e-13
1145 1.3860051e-13
1146 1.3834711e-13
1147 1.380947e-13
1148 1.3784343e-13
1149 1.3759295e-13
1150 1.3734298e-13
1151 1.3709391e-13
1152 1.3684582e-13
1153 1.3659817e-13
1154 1.3635151e-13
1155 1.3610548e-13
1156 1.3586016e-13
1157 1.3561591e-13
1158 1.3537254e-13
1159 1.3512981e-13
1160 1.3488791e-13
1161 1.346468e-13
1162 1.3440642e-13
1163 1.3416679e-13
1164 1.3392788e-13
1165 1.3368962e-13
1166 1.3345194e-13
1167 1.3321515e-13
1168 1.3297914e-13
1169 1.3274375e-13
1170 1.3250903e-13
1171 1.3227514e-13
1172 1.3204174e-13
1173 1.3180904e-13
1174 1.3157714e-13
1175 1.3134607e-13
1176 1.3111558e-13
1177 1.3088609e-13
1178 1.3065704e-13
1179 1.3042863e-13
1180 1.302009e-13
1181 1.299739e-13
1182 1.2974766e-13
1183 1.2952226e-13
1184 1.2929689e-13
1185 1.2907229e-13
1186 1.2884845e-13
1187 1.2862545e-13
1188 1.2840294e-13
1189 1.2818107e-13
1190 1.2795983e-13
1191 1.2773946e-13
1192 1.2751925e-13
1193 1.2729976e-13
1194 1.2708086e-13
1195 1.2686267e-13
1196 1.2664501e-13
1197 1.2642749e-13
1198 1.2621112e-13
1199 1.2599507e-13
1200 1.2577993e-13
1201 1.2556507e-13
1202 1.2535092e-13
1203 1.2513708e-13
1204 1.2492413e-13
1205 1.2471164e-13
1206 1.2449979e-13
1207 1.2428832e-13
1208 1.2407742e-13
1209 1.2386717e-13
1210 1.2365731e-13
1211 1.2344801e-13
1212 1.232392e-13
1213 1.2303079e-13
1214 1.2282304e-13
1215 1.2261585e-13
1216 1.2240892e-13
1217 1.222026e-13
1218 1.2199677e-13
1219 1.2179144e-13
1220 1.2158665e-13
1221 1.2138229e-13
1222 1.211785e-13
1223 1.209751e-13
1224 1.2077213e-13
1225 1.2056962e-13
1226 1.2036785e-13
1227 1.201663e-13
1228 1.1996523e-13
1229 1.1976457e-13
1230 1.1956432e-13
1231 1.1936439e-13
1232 1.1916506e-13
1233 1.1896629e-13
1234 1.1876778e-13
1235 1.185698e-13
1236 1.1837226e-13
1237 1.1817514e-13
1238 1.1797848e-13
1239 1.1778226e-13
1240 1.1758631e-13
1241 1.1739101e-13
1242 1.1719611e-13
1243 1.1700161e-13
1244 1.1680764e-13
1245 1.1661386e-13
1246 1.1642032e-13
1247 1.1622704e-13
1248 1.1603434e-13
1249 1.1584206e-13
1250 1.1565024e-13
1251 1.1545871e-13
1252 1.1526738e-13
1253 1.1507666e-13
1254 1.1488632e-13
1255 1.1469628e-13
1256 1.1450646e-13
1257 1.143174e-13
1258 1.1412855e-13
1259 1.1393999e-13
1260 1.1375165e-13
1261 1.1356386e-13
1262 1.1337646e-13
1263 1.1318931e-13
1264 1.1300274e-13
1265 1.1281619e-13
1266 1.1263008e-13
1267 1.1244442e-13
1268 1.1225916e-13
1269 1.1207411e-13
1270 1.1188934e-13
1271 1.1170489e-13
1272 1.1152065e-13
1273 1.1133696e-13
1274 1.1115359e-13
1275 1.1097055e-13
1276 1.1078788e-13
1277 1.1060558e-13
1278 1.1042358e-13
1279 1.1024168e-13
1280 1.1006044e-13
1281 1.0987924e-13
1282 1.0969849e-13
1283 1.0951799e-13
1284 1.0933797e-13
1285 1.0915815e-13
1286 1.0897861e-13
1287 1.0879949e-13
1288 1.0862072e-13
1289 1.0844217e-13
1290 1.0826387e-13
1291 1.0808604e-13
1292 1.0790839e-13
1293 1.077311e-13
1294 1.0755403e-13
1295 1.0737737e-13
1296 1.0720102e-13
1297 1.0702498e-13
1298 1.068493e-13
1299 1.0667383e-13
1300 1.0649873e-13
1301 1.0632384e-13
1302 1.0614927e-13
1303 1.0597496e-13
1304 1.0580105e-13
1305 1.0562745e-13
1306 1.0545401e-13
1307 1.0528093e-13
1308 1.0510827e-13
1309 1.0493572e-13
1310 1.0476355e-13
1311 1.0459182e-13
1312 1.044203e-13
1313 1.0424904e-13
1314 1.040781e-13
1315 1.0390755e-13
1316 1.0373734e-13
1317 1.0356723e-13
1318 1.0339754e-13
1319 1.0322815e-13
1320 1.0305903e-13
1321 1.0289022e-13
1322 1.0272191e-13
1323 1.0255372e-13
1324 1.0238588e-13
1325 1.0221824e-13
1326 1.0205086e-13
1327 1.0188387e-13
1328 1.0171728e-13
1329 1.0155086e-13
1330 1.0138471e-13
1331 1.0121895e-13
1332 1.0105341e-13
1333 1.0088814e-13
1334 1.007233e-13
1335 1.0055864e-13
1336 1.0039439e-13
1337 1.0023055e-13
1338 1.0006694e-13
1339 9.9903553e-14
1340 9.97405e-14
1341 9.9577585e-14
1342 9.9415112e-14
1343 9.9252942e-14
1344 9.9091108e-14
1345 9.8929694e-14
1346 9.876862e-14
1347 9.8607771e-14
1348 9.8447031e-14
1349 9.828683e-14
1350 9.81269e-14
1351 9.7967315e-14
1352 9.7807977e-14
1353 9.7648987e-14
1354 9.7490343e-14
1355 9.7332067e-14
1356 9.7174095e-14
1357 9.7016375e-14
1358 9.6858892e-14
1359 9.6701877e-14
1360 9.6545061e-14
1361 9.638856e-14
1362 9.6232453e-14
1363 9.6076623e-14
1364 9.5921122e-14
1365 9.5765818e-14
1366 9.5610969e-14
1367 9.5456461e-14
1368 9.5302304e-14
1369 9.5148514e-14
1370 9.4994975e-14
1371 9.4841871e-14
1372 9.4688833e-14
1373 9.4536203e-14
1374 9.4383839e-14
1375 9.4232049e-14
1376 9.4080346e-14
1377 9.3929024e-14
1378 9.3778138e-14
1379 9.3627601e-14
1380 9.3477495e-14
1381 9.3327541e-14
1382 9.3177998e-14
1383 9.3028778e-14
1384 9.2879946e-14
1385 9.2731312e-14
1386 9.2583044e-14
1387 9.2435035e-14
1388 9.2287533e-14
1389 9.2140256e-14
1390 9.1993324e-14
1391 9.1846774e-14
1392 9.1700557e-14
1393 9.1554581e-14
1394 9.1409081e-14
1395 9.1263824e-14
1396 9.1118975e-14
1397 9.0974424e-14
1398 9.0830279e-14
1399 9.0686561e-14
1400 9.0543183e-14
1401 9.0399961e-14
1402 9.0257105e-14
1403 9.0114743e-14
1404 8.9972585e-14
1405 8.9830851e-14
1406 8.9689442e-14
1407 8.9548273e-14
1408 8.9407477e-14
1409 8.9267139e-14
1410 8.9126979e-14
1411 8.8987209e-14
1412 8.8847812e-14
1413 8.8708813e-14
1414 8.8570279e-14
1415 8.8431803e-14
1416 8.8293804e-14
1417 8.8156103e-14
1418 8.8018713e-14
1419 8.7881768e-14
1420 8.7745159e-14
1421 8.7608834e-14
1422 8.7473e-14
1423 8.7337467e-14
1424 8.7202227e-14
1425 8.7067369e-14
1426 8.6932868e-14
1427 8.6798685e-14
1428 8.6664918e-14
1429 8.653131e-14
1430 8.6398131e-14
1431 8.6265284e-14
1432 8.6132759e-14
1433 8.6000577e-14
1434 8.5868689e-14
1435 8.5737215e-14
1436 8.5606126e-14
1437 8.5475324e-14
1438 8.5344815e-14
1439 8.5214737e-14
1440 8.508502e-14
1441 8.4955491e-14
1442 8.4826343e-14
1443 8.469755e-14
1444 8.4569097e-14
1445 8.4441068e-14
1446 8.4313344e-14
1447 8.4185865e-14
1448 8.4058714e-14
1449 8.3931856e-14
1450 8.3805394e-14
1451 8.3679318e-14
1452 8.3553437e-14
1453 8.3428058e-14
1454 8.3302872e-14
1455 8.3178061e-14
1456 8.3053502e-14
1457 8.2929395e-14
1458 8.2805443e-14
1459 8.2681844e-14
1460 8.2558533e-14
1461 8.2435643e-14
1462 8.231304e-14
1463 8.2190772e-14
1464 8.206883e-14
1465 8.194719e-14
1466 8.1825749e-14
1467 8.17046e-14
1468 8.1583934e-14
1469 8.1463442e-14
1470 8.1343212e-14
1471 8.1223392e-14
1472 8.1103792e-14
1473 8.0984568e-14
1474 8.0865675e-14
1475 8.074701e-14
1476 8.0628561e-14
1477 8.0510429e-14
1478 8.0392654e-14
1479 8.0275188e-14
1480 8.0158007e-14
1481 8.0041236e-14
1482 7.9924609e-14
1483 7.9808278e-14
1484 7.9692211e-14
1485 7.9576505e-14
1486 7.9461081e-14
1487 7.934582e-14
1488 7.9230924e-14
1489 7.9116336e-14
1490 7.9002036e-14
1491 7.888798e-14
1492 7.8774213e-14
1493 7.8660644e-14
1494 7.854738e-14
1495 7.8434394e-14
1496 7.8321686e-14
1497 7.8209208e-14
1498 7.8096936e-14
1499 7.7985044e-14
1500 7.7873332e-14
1501 7.776197e-14
1502 7.7650905e-14
1503 7.7540017e-14
1504 7.7429337e-14
1505 7.7318942e-14
1506 7.7208739e-14
1507 7.7098806e-14
1508 7.6989199e-14
1509 7.6879764e-14
1510 7.67706e-14
1511 7.666174e-14
1512 7.6553004e-14
1513 7.6444532e-14
1514 7.6336362e-14
1515 7.6228364e-14
1516 7.6120609e-14
1517 7.6013157e-14
1518 7.5905799e-14
1519 7.5798769e-14
1520 7.5691927e-14
1521 7.558533e-14
1522 7.5479004e-14
1523 7.5372804e-14
1524 7.5266879e-14
1525 7.5161123e-14
1526 7.505566e-14
1527 7.4950312e-14
1528 7.4845244e-14
1529 7.4740409e-14
1530 7.4635804e-14
1531 7.4531409e-14
1532 7.4427253e-14
1533 7.4323139e-14
1534 7.4219334e-14
1535 7.4115769e-14
1536 7.4012398e-14
1537 7.3909158e-14
1538 7.3806139e-14
1539 7.3703395e-14
1540 7.3600808e-14
1541 7.349838e-14
1542 7.3396205e-14
1543 7.329425e-14
1544 7.319241e-14
1545 7.3090776e-14
1546 7.2989318e-14
1547 7.2888066e-14
1548 7.2786995e-14
1549 7.2686196e-14
1550 7.2585457e-14
1551 7.2484979e-14
1552 7.2384574e-14
1553 7.2284454e-14
1554 7.2184421e-14
1555 7.2084601e-14
1556 7.1985002e-14
1557 7.1885572e-14
1558 7.178632e-14
1559 7.1687258e-14
1560 7.1588317e-14
1561 7.1489668e-14
1562 7.1391086e-14
1563 7.1292675e-14
1564 7.119446e-14
1565 7.1096394e-14
1566 7.0998528e-14
1567 7.0900819e-14
1568 7.080326e-14
1569 7.0705881e-14
1570 7.0608572e-14
1571 7.0511534e-14
1572 7.0414685e-14
1573 7.0317863e-14
1574 7.0221297e-14
1575 7.0124871e-14
1576 7.0028602e-14
1577 6.9932481e-14
1578 6.9836494e-14
1579 6.9740689e-14
1580 6.9645019e-14
1581 6.9549521e-14
1582 6.9454196e-14
1583 6.9359045e-14
1584 6.926396e-14
1585 6.9169041e-14
1586 6.9074277e-14
1587 6.8979639e-14
1588 6.8885196e-14
1589 6.8790925e-14
1590 6.8696808e-14
1591 6.8602781e-14
1592 6.8508929e-14
1593 6.8415124e-14
1594 6.8321467e-14
1595 6.8227985e-14
1596 6.8134683e-14
1597 6.8041545e-14
1598 6.7948457e-14
1599 6.7855573e-14
1600 6.7762804e-14
1601 6.767019e-14
1602 6.7577656e-14
1603 6.7485327e-14
1604 6.7393125e-14
1605 6.7301113e-14
1606 6.7209221e-14
1607 6.7117424e-14
1608 6.7025762e-14
1609 6.6934213e-14
1610 6.6842847e-14
1611 6.6751589e-14
1612 6.6660541e-14
1613 6.6569607e-14
1614 6.647876e-14
1615 6.6388031e-14
1616 6.6297462e-14
1617 6.6207011e-14
1618 6.6116768e-14
1619 6.6026588e-14
1620 6.5936528e-14
1621 6.5846624e-14
1622 6.5756824e-14
1623 6.5667225e-14
1624 6.5577733e-14
1625 6.5488345e-14
1626 6.5399126e-14
1627 6.531009e-14
1628 6.5221072e-14
1629 6.5132201e-14
1630 6.5043542e-14
1631 6.4954939e-14
1632 6.4866503e-14
1633 6.4778186e-14
1634 6.4690042e-14
1635 6.4602004e-14
1636 6.4514123e-14
1637 6.4426297e-14
1638 6.433866e-14
1639 6.4251218e-14
1640 6.4163866e-14
1641 6.4076638e-14
1642 6.3989589e-14
1643 6.3902566e-14
1644 6.3815707e-14
1645 6.3729012e-14
1646 6.3642397e-14
1647 6.3555896e-14
1648 6.3469587e-14
1649 6.3383434e-14
1650 6.3297421e-14
1651 6.3211539e-14
1652 6.312574e-14
1653 6.304012e-14
1654 6.2954626e-14
1655 6.2869185e-14
1656 6.2783952e-14
1657 6.269883e-14
1658 6.2613944e-14
1659 6.2529152e-14
1660 6.2444437e-14
1661 6.2359857e-14
1662 6.2275373e-14
1663 6.2191093e-14
1664 6.2106888e-14
1665 6.2022869e-14
1666 6.1939014e-14
1667 6.1855305e-14
1668 6.1771676e-14
1669 6.168819e-14
1670 6.1604809e-14
1671 6.1521576e-14
1672 6.1438489e-14
1673 6.1355567e-14
1674 6.1272769e-14
1675 6.1190206e-14
1676 6.110771e-14
1677 6.1025359e-14
1678 6.0943149e-14
1679 6.0861074e-14
1680 6.0779137e-14
1681 6.0697327e-14
1682 6.0615635e-14
1683 6.0534108e-14
1684 6.0452779e-14
1685 6.0371544e-14
1686 6.0290545e-14
1687 6.0209647e-14
1688 6.0128864e-14
1689 6.004825e-14
1690 5.9967748e-14
1691 5.9887399e-14
1692 5.9807165e-14
1693 5.9727146e-14
1694 5.9647225e-14
1695 5.9567472e-14
1696 5.9487901e-14
1697 5.9408433e-14
1698 5.9329125e-14
1699 5.9249924e-14
1700 5.9170922e-14
1701 5.9092066e-14
1702 5.9013305e-14
1703 5.8934711e-14
1704 5.8856312e-14
1705 5.8778037e-14
1706 5.8699856e-14
1707 5.8621898e-14
1708 5.8544073e-14
1709 5.8466409e-14
1710 5.8388922e-14
1711 5.8311522e-14
1712 5.8234353e-14
1713 5.815734e-14
1714 5.8080447e-14
1715 5.8003668e-14
1716 5.79271e-14
1717 5.7850642e-14
1718 5.7774328e-14
1719 5.7698186e-14
1720 5.7622164e-14
1721 5.7546333e-14
1722 5.747067e-14
1723 5.7395136e-14
1724 5.7319738e-14
1725 5.7244515e-14
1726 5.7169385e-14
1727 5.7094508e-14
1728 5.7019791e-14
1729 5.6945195e-14
1730 5.6870713e-14
1731 5.6796468e-14
1732 5.6722325e-14
1733 5.6648326e-14
1734 5.6574508e-14
1735 5.6500851e-14
1736 5.6427347e-14
1737 5.6354012e-14
1738 5.6280818e-14
1739 5.6207804e-14
1740 5.6134914e-14
1741 5.6062182e-14
1742 5.5989641e-14
1743 5.5917236e-14
1744 5.584498e-14
1745 5.5772871e-14
1746 5.570094e-14
1747 5.5629182e-14
1748 5.5557548e-14
1749 5.5486089e-14
1750 5.5414769e-14
1751 5.5343613e-14
1752 5.5272603e-14
1753 5.5201746e-14
1754 5.5131037e-14
1755 5.5060524e-14
1756 5.499012e-14
1757 5.4919909e-14
1758 5.4849869e-14
1759 5.4779933e-14
1760 5.47102e-14
1761 5.4640599e-14
1762 5.4571146e-14
1763 5.4501874e-14
1764 5.4432719e-14
1765 5.4363747e-14
1766 5.4294935e-14
1767 5.4226308e-14
1768 5.4157826e-14
1769 5.4089477e-14
1770 5.402124e-14
1771 5.3953186e-14
1772 5.3885286e-14
1773 5.3817529e-14
1774 5.3749938e-14
1775 5.3682496e-14
1776 5.3615224e-14
1777 5.3548087e-14
1778 5.3481145e-14
1779 5.3414321e-14
1780 5.3347634e-14
1781 5.3281099e-14
1782 5.3214688e-14
1783 5.3148469e-14
1784 5.3082423e-14
1785 5.3016531e-14
1786 5.2950737e-14
1787 5.2885112e-14
1788 5.2819648e-14
1789 5.2754316e-14
1790 5.2689132e-14
1791 5.2624103e-14
1792 5.2559226e-14
1793 5.2494473e-14
1794 5.2429962e-14
1795 5.2365529e-14
1796 5.2301254e-14
1797 5.2237121e-14
1798 5.2173129e-14
1799 5.2109275e-14
1800 5.2045586e-14
1801 5.1982028e-14
1802 5.191864e-14
1803 5.1855351e-14
1804 5.179221e-14
1805 5.1729185e-14
1806 5.166632e-14
1807 5.1603638e-14
1808 5.1541066e-14
1809 5.147865e-14
1810 5.1416375e-14
1811 5.1354211e-14
1812 5.1292166e-14
1813 5.1230303e-14
1814 5.1168522e-14
1815 5.1106873e-14
1816 5.1045408e-14
1817 5.0984072e-14
1818 5.0922902e-14
1819 5.0861807e-14
1820 5.0800854e-14
1821 5.0740069e-14
1822 5.0679419e-14
1823 5.0618921e-14
1824 5.0558533e-14
1825 5.0498253e-14
1826 5.0438094e-14
1827 5.0378095e-14
1828 5.0318227e-14
1829 5.025853e-14
1830 5.0198927e-14
1831 5.013944e-14
1832 5.0080112e-14
1833 5.0020874e-14
1834 4.9961799e-14
1835 4.9902856e-14
1836 4.9844042e-14
1837 4.9785348e-14
1838 4.9726786e-14
1839 4.9668345e-14
1840 4.9610016e-14
1841 4.955178e-14
1842 4.9493679e-14
1843 4.9435687e-14
1844 4.9377847e-14
1845 4.9320131e-14
1846 4.9262543e-14
1847 4.9205045e-14
1848 4.9147692e-14
1849 4.9090463e-14
1850 4.9033335e-14
1851 4.8976366e-14
1852 4.8919512e-14
1853 4.8862779e-14
1854 4.8806129e-14
1855 4.8749603e-14
1856 4.8693186e-14
1857 4.8636927e-14
1858 4.8580721e-14
1859 4.8524637e-14
1860 4.8468677e-14
1861 4.8412885e-14
1862 4.8357112e-14
1863 4.8301488e-14
1864 4.8246008e-14
1865 4.8190622e-14
1866 4.8135319e-14
1867 4.8080137e-14
1868 4.8025048e-14
1869 4.7970075e-14
1870 4.7915258e-14
1871 4.7860495e-14
1872 4.7805822e-14
1873 4.7751307e-14
1874 4.7696886e-14
1875 4.7642572e-14
1876 4.7588354e-14
1877 4.7534243e-14
1878 4.7480235e-14
1879 4.7426336e-14
1880 4.7372545e-14
1881 4.7318829e-14
1882 4.7265226e-14
1883 4.7211729e-14
1884 4.7158327e-14
1885 4.7105032e-14
1886 4.7051822e-14
1887 4.6998706e-14
1888 4.6945742e-14
1889 4.6892841e-14
1890 4.6840016e-14
1891 4.6787276e-14
1892 4.6734704e-14
1893 4.6682191e-14
1894 4.6629759e-14
1895 4.6577452e-14
1896 4.6525212e-14
1897 4.6473071e-14
1898 4.6420986e-14
1899 4.6369064e-14
1900 4.6317203e-14
1901 4.6265448e-14
1902 4.6213793e-14
1903 4.6162233e-14
1904 4.6110725e-14
1905 4.605931e-14
1906 4.6007998e-14
1907 4.5956791e-14
1908 4.5905629e-14
1909 4.5854563e-14
1910 4.5803621e-14
1911 4.5752746e-14
1912 4.5701927e-14
1913 4.5651237e-14
1914 4.5600637e-14
1915 4.5550107e-14
1916 4.5499656e-14
1917 4.5449277e-14
1918 4.5399026e-14
1919 4.5348833e-14
1920 4.5298733e-14
1921 4.5248657e-14
1922 4.5198709e-14
1923 4.5148862e-14
1924 4.5099081e-14
1925 4.504939e-14
1926 4.4999795e-14
1927 4.4950228e-14
1928 4.4900755e-14
1929 4.4851354e-14
1930 4.4802056e-14
1931 4.4752851e-14
1932 4.4703713e-14
1933 4.4654644e-14
1934 4.4605671e-14
1935 4.4556766e-14
1936 4.4507946e-14
1937 4.445921e-14
1938 4.441054e-14
1939 4.4361965e-14
1940 4.4313454e-14
1941 4.4265027e-14
1942 4.421666e-14
1943 4.4168373e-14
1944 4.4120176e-14
1945 4.4072054e-14
1946 4.4023976e-14
1947 4.3975993e-14
1948 4.3928089e-14
1949 4.3880249e-14
1950 4.3832451e-14
1951 4.3784731e-14
1952 4.3737113e-14
1953 4.36896e-14
1954 4.3642113e-14
1955 4.3594687e-14
1956 4.3547357e-14
1957 4.3500085e-14
1958 4.3452906e-14
1959 4.3405791e-14
1960 4.3358757e-14
1961 4.3311773e-14
1962 4.3264882e-14
1963 4.3218042e-14
1964 4.3171294e-14
1965 4.312458e-14
1966 4.307796e-14
1967 4.303139e-14
1968 4.2984898e-14
1969 4.2938508e-14
1970 4.2892168e-14
1971 4.284588e-14
1972 4.2799645e-14
1973 4.2753532e-14
1974 4.2707456e-14
1975 4.2661471e-14
1976 4.261554e-14
1977 4.256967e-14
1978 4.2523861e-14
1979 4.247813e-14
1980 4.2432469e-14
1981 4.2386859e-14
1982 4.2341336e-14
1983 4.2295881e-14
1984 4.2250436e-14
1985 4.2205095e-14
1986 4.2159859e-14
1987 4.2114664e-14
1988 4.2069523e-14
1989 4.2024466e-14
1990 4.197949e-14
1991 4.1934572e-14
1992 4.1889701e-14
1993 4.1844912e-14
1994 4.1800187e-14
1995 4.1755541e-14
1996 4.1710989e-14
1997 4.166647e-14
1998 4.1622008e-14
1999 4.1577624e-14
2000 4.1533268e-14
2001 4.1489034e-14
2002 4.1444859e-14
2003 4.1400747e-14
2004 4.1356677e-14
2005 4.1312685e-14
2006 4.1268751e-14
2007 4.1224906e-14
2008 4.1181116e-14
2009 4.1137411e-14
2010 4.1093744e-14
2011 4.1050158e-14
2012 4.100663e-14
2013 4.0963156e-14
2014 4.0919793e-14
2015 4.0876474e-14
2016 4.0833232e-14
2017 4.0790045e-14
2018 4.0746911e-14
2019 4.0703854e-14
2020 4.0660868e-14
2021 4.0617941e-14
2022 4.0575078e-14
2023 4.0532311e-14
2024 4.0489611e-14
2025 4.0446956e-14
2026 4.040439e-14
2027 4.0361862e-14
2028 4.0319412e-14
2029 4.0277023e-14
2030 4.0234723e-14
2031 4.0192451e-14
2032 4.0150275e-14
2033 4.0108155e-14
2034 4.0066104e-14
2035 4.0024124e-14
2036 3.9982226e-14
2037 3.9940381e-14
2038 3.9898596e-14
2039 3.9856891e-14
2040 3.9815247e-14
2041 3.9773687e-14
2042 3.9732165e-14
2043 3.9690757e-14
2044 3.9649417e-14
2045 3.9608116e-14
2046 3.9566879e-14
2047 3.952572e-14
2048 3.9484627e-14
2049 3.9443606e-14
2050 3.9402657e-14
2051 3.936176e-14
2052 3.9320968e-14
2053 3.928023e-14
2054 3.9239557e-14
2055 3.9198958e-14
2056 3.9158419e-14
2057 3.911794e-14
2058 3.9077539e-14
2059 3.9037199e-14
2060 3.8996947e-14
2061 3.8956731e-14
2062 3.8916604e-14
2063 3.8876546e-14
2064 3.8836559e-14
2065 3.8796652e-14
2066 3.8756791e-14
2067 3.8717043e-14
2068 3.8677341e-14
2069 3.8637741e-14
2070 3.8598184e-14
2071 3.8558681e-14
2072 3.8519252e-14
2073 3.84799e-14
2074 3.8440626e-14
2075 3.8401416e-14
2076 3.8362293e-14
2077 3.8323237e-14
2078 3.8284237e-14
2079 3.824533e-14
2080 3.8206465e-14
2081 3.8167659e-14
2082 3.812894e-14
2083 3.8090289e-14
2084 3.8051695e-14
2085 3.8013202e-14
2086 3.7974775e-14
2087 3.7936439e-14
2088 3.7898141e-14
2089 3.7859946e-14
2090 3.7821832e-14
2091 3.7783794e-14
2092 3.7745785e-14
2093 3.770787e-14
2094 3.7670011e-14
2095 3.7632229e-14
2096 3.7594517e-14
2097 3.7556879e-14
2098 3.75193e-14
2099 3.7481807e-14
2100 3.7444389e-14
2101 3.7407059e-14
2102 3.7369775e-14
2103 3.7332575e-14
2104 3.7295461e-14
2105 3.7258397e-14
2106 3.7221407e-14
2107 3.7184504e-14
2108 3.7147684e-14
2109 3.7110932e-14
2110 3.7074241e-14
2111 3.7037608e-14
2112 3.7001066e-14
2113 3.6964597e-14
2114 3.6928205e-14
2115 3.6891893e-14
2116 3.6855646e-14
2117 3.6819482e-14
2118 3.678336e-14
2119 3.6747349e-14
2120 3.6711396e-14
2121 3.6675514e-14
2122 3.6639703e-14
2123 3.6603983e-14
2124 3.6568329e-14
2125 3.6532743e-14
2126 3.64972e-14
2127 3.6461741e-14
2128 3.6426357e-14
2129 3.6391052e-14
2130 3.6355813e-14
2131 3.6320669e-14
2132 3.628559e-14
2133 3.6250576e-14
2134 3.621563e-14
2135 3.6180752e-14
2136 3.6145926e-14
2137 3.6111227e-14
2138 3.607658e-14
2139 3.6041999e-14
2140 3.60075e-14
2141 3.5973064e-14
2142 3.5938679e-14
2143 3.5904385e-14
2144 3.5870166e-14
2145 3.583601e-14
2146 3.5801935e-14
2147 3.5767935e-14
2148 3.5733995e-14
2149 3.5700135e-14
2150 3.5666351e-14
2151 3.5632619e-14
2152 3.5598969e-14
2153 3.5565389e-14
2154 3.5531879e-14
2155 3.5498445e-14
2156 3.5465087e-14
2157 3.5431793e-14
2158 3.5398554e-14
2159 3.536539e-14
2160 3.533231e-14
2161 3.5299315e-14
2162 3.5266353e-14
2163 3.5233485e-14
2164 3.520069e-14
2165 3.5167963e-14
2166 3.5135283e-14
2167 3.5102695e-14
2168 3.5070155e-14
2169 3.5037672e-14
2170 3.5005282e-14
2171 3.497294e-14
2172 3.4940681e-14
2173 3.490849e-14
2174 3.4876371e-14
2175 3.484431e-14
2176 3.4812321e-14
2177 3.4780416e-14
2178 3.4748546e-14
2179 3.4716727e-14
2180 3.4685019e-14
2181 3.4653341e-14
2182 3.4621747e-14
2183 3.4590224e-14
2184 3.4558771e-14
2185 3.4527364e-14
2186 3.4496036e-14
2187 3.4464773e-14
2188 3.4433572e-14
2189 3.4402432e-14
2190 3.4371358e-14
2191 3.4340353e-14
2192 3.4309392e-14
2193 3.4278498e-14
2194 3.4247668e-14
2195 3.4216917e-14
2196 3.4186218e-14
2197 3.4155593e-14
2198 3.4125022e-14
2199 3.4094509e-14
2200 3.406406e-14
2201 3.4033662e-14
2202 3.400334e-14
2203 3.3973079e-14
2204 3.3942871e-14
2205 3.3912725e-14
2206 3.3882635e-14
2207 3.3852598e-14
2208 3.3822616e-14
2209 3.3792705e-14
2210 3.3762843e-14
2211 3.3733039e-14
2212 3.3703308e-14
2213 3.3673628e-14
2214 3.3644e-14
2215 3.361443e-14
2216 3.3584919e-14
2217 3.3555443e-14
2218 3.3526037e-14
2219 3.34967e-14
2220 3.3467387e-14
2221 3.3438135e-14
2222 3.3408948e-14
2223 3.3379822e-14
2224 3.3350747e-14
2225 3.3321722e-14
2226 3.3292738e-14
2227 3.3263819e-14
2228 3.3234954e-14
2229 3.3206125e-14
2230 3.3177346e-14
2231 3.3148639e-14
2232 3.3119964e-14
2233 3.3091351e-14
2234 3.3062785e-14
2235 3.3034262e-14
2236 3.3005778e-14
2237 3.2977362e-14
2238 3.2948981e-14
2239 3.2920668e-14
2240 3.2892383e-14
2241 3.2864149e-14
2242 3.2835967e-14
2243 3.2807837e-14
2244 3.2779738e-14
2245 3.2751687e-14
2246 3.2723665e-14
2247 3.2695699e-14
2248 3.2667782e-14
2249 3.2639934e-14
2250 3.2612111e-14
2251 3.258433e-14
2252 3.2556583e-14
2253 3.2528883e-14
2254 3.2501229e-14
2255 3.2473617e-14
2256 3.2446044e-14
2257 3.2418521e-14
2258 3.2391037e-14
2259 3.2363568e-14
2260 3.2336158e-14
2261 3.2308783e-14
2262 3.2281447e-14
2263 3.2254156e-14
2264 3.222691e-14
2265 3.2199693e-14
2266 3.2172525e-14
2267 3.2145384e-14
2268 3.2118286e-14
2269 3.2091229e-14
2270 3.2064193e-14
2271 3.2037213e-14
2272 3.2010269e-14
2273 3.1983354e-14
2274 3.1956484e-14
2275 3.1929633e-14
2276 3.1902824e-14
2277 3.187607e-14
2278 3.1849351e-14
2279 3.1822658e-14
2280 3.1795996e-14
2281 3.1769359e-14
2282 3.1742749e-14
2283 3.1716181e-14
2284 3.1689651e-14
2285 3.1663161e-14
2286 3.1636699e-14
2287 3.1610285e-14
2288 3.1583891e-14
2289 3.1557528e-14
2290 3.1531188e-14
2291 3.1504881e-14
2292 3.1478614e-14
2293 3.1452376e-14
2294 3.1426164e-14
2295 3.1399995e-14
2296 3.137385e-14
2297 3.134773e-14
2298 3.1321642e-14
2299 3.129558e-14
2300 3.1269564e-14
2301 3.1243566e-14
2302 3.1217601e-14
2303 3.1191663e-14
2304 3.1165756e-14
2305 3.1139885e-14
2306 3.1114044e-14
2307 3.1088236e-14
2308 3.1062435e-14
2309 3.1036677e-14
2310 3.1010957e-14
2311 3.0985268e-14
2312 3.0959587e-14
2313 3.0933946e-14
2314 3.0908339e-14
2315 3.0882747e-14
2316 3.0857199e-14
2317 3.0831676e-14
2318 3.0806192e-14
2319 3.0780728e-14
2320 3.0755284e-14
2321 3.0729877e-14
2322 3.0704504e-14
2323 3.0679156e-14
2324 3.0653829e-14
2325 3.0628526e-14
2326 3.0603273e-14
2327 3.0578041e-14
2328 3.0552826e-14
2329 3.0527649e-14
2330 3.0502488e-14
2331 3.0477348e-14
2332 3.0452254e-14
2333 3.0427193e-14
2334 3.0402154e-14
2335 3.0377149e-14
2336 3.0352172e-14
2337 3.0327219e-14
2338 3.030229e-14
2339 3.0277403e-14
2340 3.0252551e-14
2341 3.0227722e-14
2342 3.0202898e-14
2343 3.0178128e-14
2344 3.0153389e-14
2345 3.0128679e-14
2346 3.0104e-14
2347 3.0079355e-14
2348 3.0054752e-14
2349 3.0030152e-14
2350 3.0005596e-14
2351 2.9981065e-14
2352 2.9956563e-14
2353 2.9932107e-14
2354 2.990767e-14
2355 2.9883279e-14
2356 2.9858909e-14
2357 2.9834563e-14
2358 2.9810256e-14
2359 2.9785985e-14
2360 2.9761742e-14
2361 2.9737538e-14
2362 2.9713363e-14
2363 2.9689234e-14
2364 2.9665128e-14
2365 2.9641081e-14
2366 2.9617054e-14
2367 2.9593063e-14
2368 2.9569104e-14
2369 2.9545185e-14
2370 2.9521291e-14
2371 2.9497423e-14
2372 2.9473609e-14
2373 2.9449839e-14
2374 2.9426107e-14
2375 2.9402405e-14
2376 2.9378745e-14
2377 2.9355124e-14
2378 2.9331543e-14
2379 2.9308e-14
2380 2.9284495e-14
2381 2.9261021e-14
2382 2.923759e-14
2383 2.9214209e-14
2384 2.9190865e-14
2385 2.9167559e-14
2386 2.9144293e-14
2387 2.9121081e-14
2388 2.9097906e-14
2389 2.9074765e-14
2390 2.9051662e-14
2391 2.9028618e-14
2392 2.9005614e-14
2393 2.8982667e-14
2394 2.8959759e-14
2395 2.89369e-14
2396 2.8914067e-14
2397 2.8891289e-14
2398 2.886857e-14
2399 2.884589e-14
2400 2.8823255e-14
2401 2.8800663e-14
2402 2.8778123e-14
2403 2.8755635e-14
2404 2.8733191e-14
2405 2.8710793e-14
2406 2.8688438e-14
2407 2.8666149e-14
2408 2.8643902e-14
2409 2.8621707e-14
2410 2.8599578e-14
2411 2.8577488e-14
2412 2.8555456e-14
2413 2.853346e-14
2414 2.8511523e-14
2415 2.8489628e-14
2416 2.8467805e-14
2417 2.8446036e-14
2418 2.8424331e-14
2419 2.8402674e-14
2420 2.8381056e-14
2421 2.8359514e-14
2422 2.8338015e-14
2423 2.831658e-14
2424 2.8295195e-14
2425 2.8273877e-14
2426 2.8252607e-14
2427 2.8231398e-14
2428 2.8210247e-14
2429 2.818916e-14
2430 2.8168127e-14
2431 2.814715e-14
2432 2.8126244e-14
2433 2.8105388e-14
2434 2.8084594e-14
2435 2.8063877e-14
2436 2.8043215e-14
2437 2.8022613e-14
2438 2.8002075e-14
2439 2.7981602e-14
2440 2.7961192e-14
2441 2.794084e-14
2442 2.7920556e-14
2443 2.7900321e-14
2444 2.7880158e-14
2445 2.7860055e-14
2446 2.7840026e-14
2447 2.7820055e-14
2448 2.7800161e-14
2449 2.7780323e-14
2450 2.7760548e-14
2451 2.7740851e-14
2452 2.7721211e-14
2453 2.7701631e-14
2454 2.7682131e-14
2455 2.7662693e-14
2456 2.7643307e-14
2457 2.7624007e-14
2458 2.760478e-14
2459 2.7585616e-14
2460 2.7566522e-14
2461 2.7547497e-14
2462 2.7528539e-14
2463 2.7509655e-14
2464 2.7490829e-14
2465 2.7472079e-14
2466 2.7453397e-14
2467 2.7434783e-14
2468 2.7416251e-14
2469 2.7397779e-14
2470 2.7379387e-14
2471 2.7361055e-14
2472 2.7342805e-14
2473 2.7324621e-14
2474 2.7306506e-14
2475 2.7288459e-14
2476 2.7270485e-14
2477 2.7252599e-14
2478 2.7234772e-14
2479 2.7217025e-14
2480 2.7199343e-14
2481 2.7181734e-14
2482 2.71642e-14
2483 2.7146744e-14
2484 2.712935e-14
2485 2.7112018e-14
2486 2.7094771e-14
2487 2.7077599e-14
2488 2.7060497e-14
2489 2.7043459e-14
2490 2.7026497e-14
2491 2.7009607e-14
2492 2.6992779e-14
2493 2.6976025e-14
2494 2.6959354e-14
2495 2.6942771e-14
2496 2.6926228e-14
2497 2.6909764e-14
2498 2.6893375e-14
2499 2.6877052e-14
2500 2.6860807e-14
2501 2.6844623e-14
2502 2.6828515e-14
2503 2.6812485e-14
2504 2.6796512e-14
2505 2.6780616e-14
2506 2.6764791e-14
2507 2.6749032e-14
2508 2.6733343e-14
2509 2.6717736e-14
2510 2.67022e-14
2511 2.6686734e-14
2512 2.6671325e-14
2513 2.6655991e-14
2514 2.6640728e-14
2515 2.6625528e-14
2516 2.6610403e-14
2517 2.6595337e-14
2518 2.6580342e-14
2519 2.656541e-14
2520 2.655055e-14
2521 2.6535747e-14
2522 2.6521015e-14
2523 2.6506347e-14
2524 2.6491742e-14
2525 2.6477202e-14
2526 2.6462723e-14
2527 2.644832e-14
2528 2.6433983e-14
2529 2.6419708e-14
2530 2.6405504e-14
2531 2.639135e-14
2532 2.6377264e-14
2533 2.636323e-14
2534 2.6349266e-14
2535 2.6335357e-14
2536 2.632151e-14
2537 2.6307732e-14
2538 2.6294008e-14
2539 2.6280348e-14
2540 2.626675e-14
2541 2.62532e-14
2542 2.6239706e-14
2543 2.6226278e-14
2544 2.62129e-14
2545 2.6199575e-14
2546 2.6186309e-14
2547 2.617311e-14
2548 2.6159948e-14
2549 2.6146841e-14
2550 2.6133796e-14
2551 2.6120805e-14
2552 2.6107863e-14
2553 2.6094967e-14
2554 2.6082138e-14
2555 2.6069336e-14
2556 2.6056602e-14
2557 2.6043916e-14
2558 2.603127e-14
2559 2.6018684e-14
2560 2.6006137e-14
2561 2.5993643e-14
2562 2.5981189e-14
2563 2.5968785e-14
2564 2.5956424e-14
2565 2.5944114e-14
2566 2.5931841e-14
2567 2.5919608e-14
2568 2.590743e-14
2569 2.5895289e-14
2570 2.5883189e-14
2571 2.5871128e-14
2572 2.5859101e-14
2573 2.5847128e-14
2574 2.5835197e-14
2575 2.5823305e-14
2576 2.5811442e-14
2577 2.5799615e-14
2578 2.5787826e-14
2579 2.5776072e-14
2580 2.5764353e-14
2581 2.5752678e-14
2582 2.5741033e-14
2583 2.5729414e-14
2584 2.5717829e-14
2585 2.5706285e-14
2586 2.5694775e-14
2587 2.5683298e-14
2588 2.5671837e-14
2589 2.5660408e-14
2590 2.5649008e-14
2591 2.5637638e-14
2592 2.5626296e-14
2593 2.5614979e-14
2594 2.5603698e-14
2595 2.5592435e-14
2596 2.5581198e-14
2597 2.5569988e-14
2598 2.5558813e-14
2599 2.5547651e-14
2600 2.5536503e-14
2601 2.5525389e-14
2602 2.5514301e-14
2603 2.5503231e-14
2604 2.5492181e-14
2605 2.5481147e-14
2606 2.5470143e-14
2607 2.5459154e-14
2608 2.5448183e-14
2609 2.5437224e-14
2610 2.5426288e-14
2611 2.5415364e-14
2612 2.5404451e-14
2613 2.5393564e-14
2614 2.5382693e-14
2615 2.5371831e-14
2616 2.5360985e-14
2617 2.5350143e-14
2618 2.5339327e-14
2619 2.5328512e-14
2620 2.5317719e-14
2621 2.5306946e-14
2622 2.5296174e-14
2623 2.5285411e-14
2624 2.527466e-14
2625 2.5263928e-14
2626 2.5253203e-14
2627 2.5242476e-14
2628 2.5231767e-14
2629 2.5221065e-14
2630 2.5210373e-14
2631 2.5199683e-14
2632 2.5189011e-14
2633 2.5178333e-14
2634 2.5167661e-14
2635 2.5156992e-14
2636 2.5146336e-14
2637 2.5135684e-14
2638 2.5125036e-14
2639 2.5114398e-14
2640 2.5103761e-14
2641 2.5093128e-14
2642 2.5082501e-14
2643 2.5071874e-14
2644 2.5061251e-14
2645 2.5050638e-14
2646 2.5040037e-14
2647 2.5029424e-14
2648 2.5018817e-14
2649 2.5008216e-14
2650 2.4997613e-14
2651 2.4987008e-14
2652 2.4976421e-14
2653 2.4965831e-14
2654 2.4955241e-14
2655 2.4944648e-14
2656 2.4934062e-14
2657 2.4923469e-14
2658 2.4912892e-14
2659 2.4902306e-14
2660 2.4891723e-14
2661 2.4881136e-14
2662 2.4870549e-14
2663 2.4859974e-14
2664 2.4849393e-14
2665 2.4838826e-14
2666 2.4828246e-14
2667 2.4817673e-14
2668 2.4807109e-14
2669 2.4796538e-14
2670 2.4785975e-14
2671 2.4775411e-14
2672 2.4764849e-14
2673 2.4754285e-14
2674 2.4743725e-14
2675 2.473317e-14
2676 2.4722617e-14
2677 2.4712068e-14
2678 2.470152e-14
2679 2.4690977e-14
2680 2.4680432e-14
2681 2.4669896e-14
2682 2.4659365e-14
2683 2.4648839e-14
2684 2.4638308e-14
2685 2.4627781e-14
2686 2.4617264e-14
2687 2.4606754e-14
2688 2.4596245e-14
2689 2.458574e-14
2690 2.4575246e-14
2691 2.456475e-14
2692 2.4554264e-14
2693 2.4543785e-14
2694 2.4533314e-14
2695 2.4522857e-14
2696 2.451241e-14
2697 2.4501966e-14
2698 2.4491532e-14
2699 2.4481106e-14
2700 2.447069e-14
2701 2.4460282e-14
2702 2.4449888e-14
2703 2.4439504e-14
2704 2.4429126e-14
2705 2.4418764e-14
2706 2.4408422e-14
2707 2.4398081e-14
2708 2.4387756e-14
2709 2.4377441e-14
2710 2.4367139e-14
2711 2.4356853e-14
2712 2.4346586e-14
2713 2.4336327e-14
2714 2.4326083e-14
2715 2.4315859e-14
2716 2.4305652e-14
2717 2.4295465e-14
2718 2.4285283e-14
2719 2.4275131e-14
2720 2.4265004e-14
2721 2.4254893e-14
2722 2.42448e-14
2723 2.4234735e-14
2724 2.4224681e-14
2725 2.4214657e-14
2726 2.4204646e-14
2727 2.4194667e-14
2728 2.4184712e-14
2729 2.4174779e-14
2730 2.416487e-14
2731 2.4154986e-14
2732 2.4145135e-14
2733 2.4135298e-14
2734 2.4125494e-14
2735 2.4115717e-14
2736 2.4105974e-14
2737 2.4096253e-14
2738 2.4086563e-14
2739 2.40769e-14
2740 2.4067276e-14
2741 2.4057685e-14
2742 2.4048122e-14
2743 2.4038587e-14
2744 2.4029081e-14
2745 2.4019622e-14
2746 2.4010181e-14
2747 2.4000785e-14
2748 2.3991417e-14
2749 2.3982089e-14
2750 2.3972787e-14
2751 2.3963534e-14
2752 2.3954323e-14
2753 2.3945141e-14
2754 2.3936e-14
2755 2.3926895e-14
2756 2.391784e-14
2757 2.3908811e-14
2758 2.3899832e-14
2759 2.3890887e-14
2760 2.3881985e-14
2761 2.3873131e-14
2762 2.386432e-14
2763 2.3855556e-14
2764 2.3846832e-14
2765 2.383815e-14
2766 2.3829513e-14
2767 2.3820924e-14
2768 2.3812383e-14
2769 2.3803886e-14
2770 2.3795432e-14
2771 2.3787026e-14
2772 2.3778667e-14
2773 2.377036e-14
2774 2.3762093e-14
2775 2.3753886e-14
2776 2.374572e-14
2777 2.3737606e-14
2778 2.3729539e-14
2779 2.3721528e-14
2780 2.3713567e-14
2781 2.3705652e-14
2782 2.3697783e-14
2783 2.3689976e-14
2784 2.3682217e-14
2785 2.3674512e-14
2786 2.3666861e-14
2787 2.3659264e-14
2788 2.3651718e-14
2789 2.3644229e-14
2790 2.3636784e-14
2791 2.3629399e-14
2792 2.3622073e-14
2793 2.3614802e-14
2794 2.360758e-14
2795 2.3600407e-14
2796 2.3593302e-14
2797 2.3586243e-14
2798 2.3579243e-14
2799 2.3572299e-14
2800 2.3565402e-14
2801 2.3558567e-14
2802 2.3551785e-14
2803 2.354506e-14
2804 2.3538395e-14
2805 2.3531787e-14
2806 2.3525241e-14
2807 2.3518738e-14
2808 2.3512294e-14
2809 2.3505906e-14
2810 2.3499577e-14
2811 2.3493302e-14
2812 2.3487081e-14
2813 2.3480915e-14
2814 2.347481e-14
2815 2.3468766e-14
2816 2.3462775e-14
2817 2.345684e-14
2818 2.3450962e-14
2819 2.3445133e-14
2820 2.3439356e-14
2821 2.3433645e-14
2822 2.3427988e-14
2823 2.3422373e-14
2824 2.3416823e-14
2825 2.3411331e-14
2826 2.3405887e-14
2827 2.3400505e-14
2828 2.339517e-14
2829 2.338989e-14
2830 2.3384655e-14
2831 2.3379476e-14
2832 2.3374353e-14
2833 2.3369282e-14
2834 2.336426e-14
2835 2.3359289e-14
2836 2.3354372e-14
2837 2.3349507e-14
2838 2.3344696e-14
2839 2.3339933e-14
2840 2.3335217e-14
2841 2.3330554e-14
2842 2.3325935e-14
2843 2.3321372e-14
2844 2.3316848e-14
2845 2.3312378e-14
2846 2.3307953e-14
2847 2.3303576e-14
2848 2.3299246e-14
2849 2.329496e-14
2850 2.3290715e-14
2851 2.3286513e-14
2852 2.3282354e-14
2853 2.3278247e-14
2854 2.3274179e-14
2855 2.327015e-14
2856 2.3266162e-14
2857 2.3262216e-14
2858 2.3258306e-14
2859 2.3254438e-14
2860 2.3250606e-14
2861 2.3246812e-14
2862 2.3243057e-14
2863 2.3239337e-14
2864 2.3235659e-14
2865 2.3232014e-14
2866 2.3228404e-14
2867 2.3224825e-14
2868 2.3221281e-14
2869 2.3217763e-14
2870 2.3214285e-14
2871 2.3210834e-14
2872 2.3207412e-14
2873 2.3204024e-14
2874 2.3200672e-14
2875 2.3197341e-14
2876 2.3194038e-14
2877 2.3190759e-14
2878 2.3187508e-14
2879 2.3184281e-14
2880 2.3181079e-14
2881 2.3177894e-14
2882 2.3174731e-14
2883 2.3171591e-14
2884 2.3168475e-14
2885 2.3165378e-14
2886 2.31623e-14
2887 2.3159243e-14
2888 2.3156205e-14
2889 2.3153184e-14
2890 2.3150174e-14
2891 2.3147187e-14
2892 2.3144208e-14
2893 2.3141239e-14
2894 2.3138287e-14
2895 2.3135344e-14
2896 2.313242e-14
2897 2.3129494e-14
2898 2.3126584e-14
2899 2.3123684e-14
2900 2.3120791e-14
2901 2.3117902e-14
2902 2.3115024e-14
2903 2.3112155e-14
2904 2.3109286e-14
2905 2.3106429e-14
2906 2.3103573e-14
2907 2.3100713e-14
2908 2.3097855e-14
2909 2.3095e-14
2910 2.309215e-14
2911 2.3089296e-14
2912 2.3086441e-14
2913 2.3083588e-14
2914 2.3080734e-14
2915 2.3077871e-14
2916 2.3075005e-14
2917 2.3072132e-14
2918 2.3069252e-14
2919 2.3066367e-14
2920 2.3063478e-14
2921 2.3060583e-14
2922 2.3057683e-14
2923 2.3054778e-14
2924 2.3051859e-14
2925 2.3048932e-14
2926 2.3045992e-14
2927 2.3043039e-14
2928 2.3040073e-14
2929 2.30371e-14
2930 2.3034114e-14
2931 2.3031115e-14
2932 2.3028103e-14
2933 2.3025078e-14
2934 2.3022042e-14
2935 2.3018988e-14
2936 2.3015919e-14
2937 2.3012833e-14
2938 2.3009731e-14
2939 2.3006615e-14
2940 2.300348e-14
2941 2.3000329e-14
2942 2.2997161e-14
2943 2.2993975e-14
2944 2.2990771e-14
2945 2.2987551e-14
2946 2.2984313e-14
2947 2.298105e-14
2948 2.2977772e-14
2949 2.2974477e-14
2950 2.2971161e-14
2951 2.2967823e-14
2952 2.2964472e-14
2953 2.2961098e-14
2954 2.2957704e-14
2955 2.295429e-14
2956 2.295086e-14
2957 2.2947412e-14
2958 2.294394e-14
2959 2.2940449e-14
2960 2.2936934e-14
2961 2.2933402e-14
2962 2.292985e-14
2963 2.2926276e-14
2964 2.2922684e-14
2965 2.2919068e-14
2966 2.2915443e-14
2967 2.2911795e-14
2968 2.2908128e-14
2969 2.2904448e-14
2970 2.2900745e-14
2971 2.2897026e-14
2972 2.2893285e-14
2973 2.2889525e-14
2974 2.288575e-14
2975 2.2881957e-14
2976 2.2878153e-14
2977 2.2874328e-14
2978 2.287049e-14
2979 2.2866633e-14
2980 2.2862766e-14
2981 2.2858884e-14
2982 2.2854988e-14
2983 2.285108e-14
2984 2.2847158e-14
2985 2.2843228e-14
2986 2.2839282e-14
2987 2.2835324e-14
2988 2.2831362e-14
2989 2.2827388e-14
2990 2.2823406e-14
2991 2.2819415e-14
2992 2.2815418e-14
2993 2.2811411e-14
2994 2.2807401e-14
2995 2.2803388e-14
2996 2.2799369e-14
2997 2.2795352e-14
2998 2.2791331e-14
2999 2.2787306e-14
3000 2.2783285e-14
