# Fiducial parameters: cosmomc_theta = 0.0104092, logA = 3.044, ombh2 = 0.02237, omch2 = 0.12, ns = 0.9649, tau = 0.0544, h = 0.6733981423479604, lens_potential_accuracy = 8, lens_margin = 2050, AccuracyBoost = 2.0, lSampleBoost = 2.0, lAccuracyBoost = 2.0, kmax = 10, k_per_logint = 130, nonlinear = True, DoLateRadTruncation = False
30 2.7058378e-10
31 2.5399086e-10
32 2.3884805e-10
33 2.2498507e-10
34 2.1225586e-10
35 2.0054981e-10
36 1.8975205e-10
37 1.797783e-10
38 1.7053805e-10
39 1.619712e-10
40 1.5401399e-10
41 1.4660622e-10
42 1.3969921e-10
43 1.332506e-10
44 1.2722378e-10
45 1.2158226e-10
46 1.1629042e-10
47 1.1131755e-10
48 1.0665382e-10
49 1.0226375e-10
50 9.8122865e-11
51 9.4224136e-11
52 9.0549684e-11
53 8.7072506e-11
54 8.3785092e-11
55 8.0674224e-11
56 7.7724875e-11
57 7.4926515e-11
58 7.2273974e-11
59 6.9748552e-11
60 6.735404e-11
61 6.5071912e-11
62 6.2901462e-11
63 6.0838929e-11
64 5.8868511e-11
65 5.6988319e-11
66 5.5193625e-11
67 5.3481653e-11
68 5.1842751e-11
69 5.0276439e-11
70 4.8777213e-11
71 4.7343241e-11
72 4.5971544e-11
73 4.4658094e-11
74 4.3396755e-11
75 4.2185567e-11
76 4.1024322e-11
77 3.9910099e-11
78 3.8838346e-11
79 3.7807979e-11
80 3.681756e-11
81 3.5863293e-11
82 3.494734e-11
83 3.4063808e-11
84 3.3215365e-11
85 3.2396746e-11
86 3.1607005e-11
87 3.0846266e-11
88 3.0112323e-11
89 2.940357e-11
90 2.8719687e-11
91 2.8059325e-11
92 2.7423655e-11
93 2.6806532e-11
94 2.6210172e-11
95 2.5635116e-11
96 2.507974e-11
97 2.4541902e-11
98 2.4021016e-11
99 2.3517006e-11
100 2.3028002e-11
101 2.2555284e-11
102 2.2096887e-11
103 2.1651828e-11
104 2.1223044e-11
105 2.0806556e-11
106 2.0400731e-11
107 2.0008319e-11
108 1.9627138e-11
109 1.9258078e-11
110 1.8899463e-11
111 1.8550768e-11
112 1.8212736e-11
113 1.7884039e-11
114 1.7564815e-11
115 1.725486e-11
116 1.6952932e-11
117 1.6659284e-11
118 1.6374462e-11
119 1.6097776e-11
120 1.5827591e-11
121 1.5564335e-11
122 1.5308634e-11
123 1.5059625e-11
124 1.4818004e-11
125 1.4582384e-11
126 1.4353e-11
127 1.4129339e-11
128 1.391128e-11
129 1.369839e-11
130 1.3490806e-11
131 1.3288324e-11
132 1.3092063e-11
133 1.2899998e-11
134 1.2712912e-11
135 1.2530552e-11
136 1.2351862e-11
137 1.2178273e-11
138 1.2008752e-11
139 1.1843329e-11
140 1.1682148e-11
141 1.1524435e-11
142 1.1370307e-11
143 1.1219357e-11
144 1.1072004e-11
145 1.0928181e-11
146 1.0787691e-11
147 1.0650189e-11
148 1.0516052e-11
149 1.0385107e-11
150 1.0256858e-11
151 1.0131679e-11
152 1.0008823e-11
153 9.8889455e-12
154 9.7714256e-12
155 9.656525e-12
156 9.5442227e-12
157 9.4343698e-12
158 9.3266506e-12
159 9.2211981e-12
160 9.1181063e-12
161 9.0172875e-12
162 8.9186606e-12
163 8.8223912e-12
164 8.727275e-12
165 8.6346479e-12
166 8.5437194e-12
167 8.4546337e-12
168 8.3671345e-12
169 8.2816662e-12
170 8.1976684e-12
171 8.1151795e-12
172 8.0346162e-12
173 7.9554817e-12
174 7.8780357e-12
175 7.8020708e-12
176 7.7274591e-12
177 7.6543966e-12
178 7.5824272e-12
179 7.5119523e-12
180 7.442912e-12
181 7.3749639e-12
182 7.3084263e-12
183 7.2428826e-12
184 7.178846e-12
185 7.1156707e-12
186 7.0537849e-12
187 6.9931535e-12
188 6.9337116e-12
189 6.8752699e-12
190 6.8177874e-12
191 6.7611552e-12
192 6.7055362e-12
193 6.6508342e-12
194 6.5970348e-12
195 6.544262e-12
196 6.4924319e-12
197 6.4413453e-12
198 6.3913005e-12
199 6.3418961e-12
200 6.2932881e-12
201 6.2454747e-12
202 6.198451e-12
203 6.1521671e-12
204 6.1066415e-12
205 6.0618512e-12
206 6.0177694e-12
207 5.9743726e-12
208 5.9316684e-12
209 5.8894612e-12
210 5.8479179e-12
211 5.8069715e-12
212 5.7666855e-12
213 5.7270269e-12
214 5.687973e-12
215 5.6495974e-12
216 5.6116163e-12
217 5.5742358e-12
218 5.5373354e-12
219 5.5010592e-12
220 5.4650913e-12
221 5.429825e-12
222 5.3949166e-12
223 5.3604545e-12
224 5.3263907e-12
225 5.2927401e-12
226 5.2595532e-12
227 5.2268414e-12
228 5.1945105e-12
229 5.1626856e-12
230 5.1311945e-12
231 5.1000991e-12
232 5.0693877e-12
233 5.0389423e-12
234 5.0088974e-12
235 4.9792208e-12
236 4.9497939e-12
237 4.9207507e-12
238 4.8920374e-12
239 4.8636281e-12
240 4.8355263e-12
241 4.8076287e-12
242 4.7801563e-12
243 4.7528917e-12
244 4.7258613e-12
245 4.699183e-12
246 4.6727498e-12
247 4.646618e-12
248 4.6206478e-12
249 4.5949529e-12
250 4.5694459e-12
251 4.544175e-12
252 4.5191101e-12
253 4.4943062e-12
254 4.4696593e-12
255 4.4453172e-12
256 4.4211486e-12
257 4.3971069e-12
258 4.3732333e-12
259 4.3494962e-12
260 4.3260053e-12
261 4.3026819e-12
262 4.2795301e-12
263 4.256585e-12
264 4.233742e-12
265 4.2111329e-12
266 4.1886071e-12
267 4.1662527e-12
268 4.1440465e-12
269 4.1219655e-12
270 4.0999723e-12
271 4.0781432e-12
272 4.0564956e-12
273 4.0349123e-12
274 4.0134359e-12
275 3.9921349e-12
276 3.9709204e-12
277 3.9498031e-12
278 3.9288286e-12
279 3.9079262e-12
280 3.8871327e-12
281 3.8665008e-12
282 3.8459456e-12
283 3.8254626e-12
284 3.8051379e-12
285 3.7848571e-12
286 3.764722e-12
287 3.7446651e-12
288 3.7247126e-12
289 3.7048073e-12
290 3.6850133e-12
291 3.6653121e-12
292 3.6456956e-12
293 3.6260935e-12
294 3.6066534e-12
295 3.5872991e-12
296 3.5679906e-12
297 3.5487753e-12
298 3.5295858e-12
299 3.5105803e-12
300 3.4916259e-12
301 3.4727366e-12
302 3.4539482e-12
303 3.4352609e-12
304 3.416627e-12
305 3.3980662e-12
306 3.3795557e-12
307 3.3611624e-12
308 3.342861e-12
309 3.3246166e-12
310 3.3064823e-12
311 3.2883925e-12
312 3.2703846e-12
313 3.2524809e-12
314 3.2346566e-12
315 3.2169064e-12
316 3.1992169e-12
317 3.1816365e-12
318 3.1641228e-12
319 3.1467014e-12
320 3.1293579e-12
321 3.1120918e-12
322 3.0949499e-12
323 3.0778838e-12
324 3.0609186e-12
325 3.0440167e-12
326 3.0272132e-12
327 3.0104827e-12
328 2.9938151e-12
329 2.9772545e-12
330 2.9607907e-12
331 2.9443908e-12
332 2.9280898e-12
333 2.9118869e-12
334 2.8957643e-12
335 2.8797255e-12
336 2.863774e-12
337 2.8479083e-12
338 2.8321433e-12
339 2.8164636e-12
340 2.8008868e-12
341 2.7853661e-12
342 2.7699585e-12
343 2.7546627e-12
344 2.7394185e-12
345 2.7242656e-12
346 2.709195e-12
347 2.6942119e-12
348 2.6793347e-12
349 2.6645496e-12
350 2.6498636e-12
351 2.6352624e-12
352 2.6207122e-12
353 2.6062974e-12
354 2.5919423e-12
355 2.5776904e-12
356 2.5634982e-12
357 2.5494258e-12
358 2.5354045e-12
359 2.5214925e-12
360 2.5076637e-12
361 2.4939394e-12
362 2.4802721e-12
363 2.4667106e-12
364 2.4532343e-12
365 2.4398488e-12
366 2.4265286e-12
367 2.4133054e-12
368 2.4001596e-12
369 2.3871023e-12
370 2.3741369e-12
371 2.3612575e-12
372 2.3484387e-12
373 2.3357211e-12
374 2.3230799e-12
375 2.3105194e-12
376 2.2980529e-12
377 2.2856658e-12
378 2.2733579e-12
379 2.2611248e-12
380 2.2489758e-12
381 2.2369046e-12
382 2.2249257e-12
383 2.2130037e-12
384 2.2011727e-12
385 2.1894189e-12
386 2.1777402e-12
387 2.1661486e-12
388 2.1546557e-12
389 2.1432374e-12
390 2.1318972e-12
391 2.1206267e-12
392 2.1094248e-12
393 2.0983072e-12
394 2.0872681e-12
395 2.0763151e-12
396 2.0654338e-12
397 2.0546097e-12
398 2.0438719e-12
399 2.033219e-12
400 2.0226439e-12
401 2.0121368e-12
402 2.001714e-12
403 1.9913659e-12
404 1.9810922e-12
405 1.9708794e-12
406 1.9607563e-12
407 1.9507006e-12
408 1.9407068e-12
409 1.9308024e-12
410 1.9209855e-12
411 1.9112217e-12
412 1.9015431e-12
413 1.8919279e-12
414 1.8823834e-12
415 1.8729062e-12
416 1.8635059e-12
417 1.8541828e-12
418 1.8449324e-12
419 1.8357515e-12
420 1.8266299e-12
421 1.8175884e-12
422 1.8086276e-12
423 1.7997225e-12
424 1.7908903e-12
425 1.7821151e-12
426 1.7734297e-12
427 1.7647937e-12
428 1.7562398e-12
429 1.7477303e-12
430 1.739305e-12
431 1.7309543e-12
432 1.7226735e-12
433 1.714455e-12
434 1.7062994e-12
435 1.6982167e-12
436 1.6901835e-12
437 1.6822253e-12
438 1.6743321e-12
439 1.666504e-12
440 1.6587317e-12
441 1.6510317e-12
442 1.643388e-12
443 1.6358082e-12
444 1.6282953e-12
445 1.6208365e-12
446 1.6134507e-12
447 1.6061273e-12
448 1.5988691e-12
449 1.591665e-12
450 1.5845129e-12
451 1.5774286e-12
452 1.5704017e-12
453 1.563428e-12
454 1.5565264e-12
455 1.5496818e-12
456 1.5428935e-12
457 1.5361603e-12
458 1.5294807e-12
459 1.5228599e-12
460 1.5162966e-12
461 1.5097893e-12
462 1.5033393e-12
463 1.496942e-12
464 1.490604e-12
465 1.4843184e-12
466 1.4780789e-12
467 1.4718991e-12
468 1.4657679e-12
469 1.4596918e-12
470 1.4536725e-12
471 1.4477072e-12
472 1.4418021e-12
473 1.4359406e-12
474 1.4301209e-12
475 1.424357e-12
476 1.4186451e-12
477 1.4129779e-12
478 1.4073624e-12
479 1.4018031e-12
480 1.3962839e-12
481 1.390814e-12
482 1.3853935e-12
483 1.3800147e-12
484 1.3746853e-12
485 1.3694042e-12
486 1.3641597e-12
487 1.3589658e-12
488 1.3538211e-12
489 1.3487207e-12
490 1.3436659e-12
491 1.3386406e-12
492 1.3336659e-12
493 1.3287357e-12
494 1.323848e-12
495 1.3189999e-12
496 1.3141939e-12
497 1.3094334e-12
498 1.3047097e-12
499 1.3000296e-12
500 1.2953772e-12
501 1.2907744e-12
502 1.2862087e-12
503 1.2816804e-12
504 1.2771962e-12
505 1.2727402e-12
506 1.2683304e-12
507 1.2639508e-12
508 1.2596101e-12
509 1.2552987e-12
510 1.2510245e-12
511 1.2467873e-12
512 1.2425841e-12
513 1.238419e-12
514 1.2342863e-12
515 1.2301874e-12
516 1.2261243e-12
517 1.222093e-12
518 1.218084e-12
519 1.2141157e-12
520 1.2101785e-12
521 1.2062693e-12
522 1.2024005e-12
523 1.1985486e-12
524 1.1947311e-12
525 1.1909462e-12
526 1.1871879e-12
527 1.1834617e-12
528 1.1797586e-12
529 1.1760907e-12
530 1.1724392e-12
531 1.1688205e-12
532 1.1652351e-12
533 1.1616642e-12
534 1.1581272e-12
535 1.1546135e-12
536 1.1511242e-12
537 1.147659e-12
538 1.1442236e-12
539 1.1408075e-12
540 1.1374178e-12
541 1.1340486e-12
542 1.1307015e-12
543 1.1273763e-12
544 1.1240757e-12
545 1.1207958e-12
546 1.1175375e-12
547 1.1142957e-12
548 1.1110778e-12
549 1.1078805e-12
550 1.1047077e-12
551 1.1015502e-12
552 1.0984197e-12
553 1.0953004e-12
554 1.0922018e-12
555 1.0891191e-12
556 1.0860584e-12
557 1.0830168e-12
558 1.0799888e-12
559 1.076981e-12
560 1.0739909e-12
561 1.0710169e-12
562 1.0680578e-12
563 1.0651143e-12
564 1.0621904e-12
565 1.0592772e-12
566 1.0563795e-12
567 1.0535021e-12
568 1.0506336e-12
569 1.0477865e-12
570 1.0449484e-12
571 1.0421206e-12
572 1.0393133e-12
573 1.0365218e-12
574 1.0337353e-12
575 1.0309649e-12
576 1.0282104e-12
577 1.0254646e-12
578 1.0227325e-12
579 1.0200153e-12
580 1.0173064e-12
581 1.01461e-12
582 1.0119259e-12
583 1.0092523e-12
584 1.0065906e-12
585 1.0039399e-12
586 1.0013013e-12
587 9.9867139e-13
588 9.9605608e-13
589 9.9344443e-13
590 9.9084883e-13
591 9.8825791e-13
592 9.8567619e-13
593 9.8310641e-13
594 9.8054507e-13
595 9.7799588e-13
596 9.7545618e-13
597 9.72921e-13
598 9.7039696e-13
599 9.6787711e-13
600 9.6536895e-13
601 9.6286878e-13
602 9.6037743e-13
603 9.5789598e-13
604 9.5542056e-13
605 9.5295429e-13
606 9.504948e-13
607 9.4804368e-13
608 9.4559936e-13
609 9.4316443e-13
610 9.407341e-13
611 9.3831192e-13
612 9.3589606e-13
613 9.3349032e-13
614 9.3109469e-13
615 9.2870217e-13
616 9.2631812e-13
617 9.2393972e-13
618 9.2156812e-13
619 9.1919971e-13
620 9.168385e-13
621 9.1448656e-13
622 9.121416e-13
623 9.0980293e-13
624 9.0746935e-13
625 9.0514434e-13
626 9.0282385e-13
627 9.0051029e-13
628 8.982048e-13
629 8.9590439e-13
630 8.9361191e-13
631 8.913249e-13
632 8.8904145e-13
633 8.8676402e-13
634 8.844923e-13
635 8.8222783e-13
636 8.7997052e-13
637 8.7771928e-13
638 8.7547302e-13
639 8.7323024e-13
640 8.7099486e-13
641 8.6876675e-13
642 8.6654531e-13
643 8.6432765e-13
644 8.6211462e-13
645 8.5991004e-13
646 8.5771082e-13
647 8.5551447e-13
648 8.5332663e-13
649 8.5114309e-13
650 8.4896365e-13
651 8.4679262e-13
652 8.4462602e-13
653 8.4246464e-13
654 8.4030932e-13
655 8.3815727e-13
656 8.3601542e-13
657 8.3387581e-13
658 8.3174219e-13
659 8.2961575e-13
660 8.2749226e-13
661 8.2537584e-13
662 8.2326414e-13
663 8.2115651e-13
664 8.1905443e-13
665 8.1695851e-13
666 8.1486736e-13
667 8.1278411e-13
668 8.107053e-13
669 8.086325e-13
670 8.0656497e-13
671 8.0450154e-13
672 8.0244395e-13
673 8.0039126e-13
674 7.9834512e-13
675 7.9630073e-13
676 7.9426515e-13
677 7.9223464e-13
678 7.9020684e-13
679 7.8818539e-13
680 7.8616911e-13
681 7.8415757e-13
682 7.8215223e-13
683 7.8015142e-13
684 7.7815814e-13
685 7.7616722e-13
686 7.7418269e-13
687 7.7220297e-13
688 7.7022984e-13
689 7.6826059e-13
690 7.6629772e-13
691 7.6433977e-13
692 7.6238726e-13
693 7.6043891e-13
694 7.5849683e-13
695 7.5655937e-13
696 7.5462646e-13
697 7.527002e-13
698 7.5077846e-13
699 7.4886416e-13
700 7.4695444e-13
701 7.4504943e-13
702 7.4314876e-13
703 7.4125478e-13
704 7.3936485e-13
705 7.3748156e-13
706 7.3560405e-13
707 7.337309e-13
708 7.3186356e-13
709 7.3000256e-13
710 7.2814574e-13
711 7.2629422e-13
712 7.2445007e-13
713 7.2260999e-13
714 7.2077447e-13
715 7.1894487e-13
716 7.1712185e-13
717 7.1530424e-13
718 7.1349225e-13
719 7.1168577e-13
720 7.0988665e-13
721 7.0809261e-13
722 7.0630349e-13
723 7.0452182e-13
724 7.0274338e-13
725 7.0097227e-13
726 6.9920836e-13
727 6.9744871e-13
728 6.9569569e-13
729 6.9394928e-13
730 6.9220805e-13
731 6.9047503e-13
732 6.887476e-13
733 6.8702597e-13
734 6.8531005e-13
735 6.8359907e-13
736 6.8189721e-13
737 6.8019997e-13
738 6.7850834e-13
739 6.7682503e-13
740 6.7514639e-13
741 6.7347437e-13
742 6.7180937e-13
743 6.7015036e-13
744 6.6849814e-13
745 6.6685202e-13
746 6.6521199e-13
747 6.6357999e-13
748 6.6195479e-13
749 6.6033562e-13
750 6.5872211e-13
751 6.5711652e-13
752 6.5551597e-13
753 6.5392269e-13
754 6.5233618e-13
755 6.5075702e-13
756 6.491849e-13
757 6.4761867e-13
758 6.4606072e-13
759 6.4450952e-13
760 6.4296454e-13
761 6.414256e-13
762 6.3989532e-13
763 6.3837075e-13
764 6.3685359e-13
765 6.3534294e-13
766 6.3384098e-13
767 6.3234626e-13
768 6.3085779e-13
769 6.2937601e-13
770 6.2790235e-13
771 6.2643533e-13
772 6.2497445e-13
773 6.2352118e-13
774 6.2207526e-13
775 6.2063559e-13
776 6.1920452e-13
777 6.1778126e-13
778 6.1636434e-13
779 6.1495528e-13
780 6.135524e-13
781 6.1215715e-13
782 6.1076837e-13
783 6.0938592e-13
784 6.0801176e-13
785 6.066442e-13
786 6.0528517e-13
787 6.0393262e-13
788 6.0258747e-13
789 6.0124918e-13
790 5.999182e-13
791 5.9859361e-13
792 5.972768e-13
793 5.9596692e-13
794 5.9466514e-13
795 5.9337016e-13
796 5.9208191e-13
797 5.9080202e-13
798 5.8952788e-13
799 5.8826139e-13
800 5.8700236e-13
801 5.8575006e-13
802 5.8450484e-13
803 5.832673e-13
804 5.8203556e-13
805 5.8081113e-13
806 5.795934e-13
807 5.7838365e-13
808 5.7717997e-13
809 5.759833e-13
810 5.7479435e-13
811 5.7361217e-13
812 5.7243532e-13
813 5.7126715e-13
814 5.7010515e-13
815 5.6894962e-13
816 5.6779962e-13
817 5.6665589e-13
818 5.6552097e-13
819 5.643909e-13
820 5.6326772e-13
821 5.6215125e-13
822 5.61043e-13
823 5.5993913e-13
824 5.5884195e-13
825 5.5775036e-13
826 5.5666595e-13
827 5.555875e-13
828 5.5451499e-13
829 5.5344877e-13
830 5.5238842e-13
831 5.5133519e-13
832 5.5028735e-13
833 5.4924595e-13
834 5.4821109e-13
835 5.4718114e-13
836 5.4615749e-13
837 5.4513907e-13
838 5.441272e-13
839 5.4312066e-13
840 5.4211968e-13
841 5.4112464e-13
842 5.4013492e-13
843 5.3915127e-13
844 5.381728e-13
845 5.3719987e-13
846 5.3623168e-13
847 5.3526945e-13
848 5.3431138e-13
849 5.3335912e-13
850 5.3241253e-13
851 5.3147069e-13
852 5.3053469e-13
853 5.2960321e-13
854 5.2867742e-13
855 5.2775617e-13
856 5.2684013e-13
857 5.2592871e-13
858 5.250214e-13
859 5.2411897e-13
860 5.2322124e-13
861 5.2232899e-13
862 5.2144067e-13
863 5.2055616e-13
864 5.1967645e-13
865 5.1880083e-13
866 5.1792965e-13
867 5.1706285e-13
868 5.1620015e-13
869 5.1534166e-13
870 5.1448749e-13
871 5.1363656e-13
872 5.1279101e-13
873 5.1194755e-13
874 5.1111029e-13
875 5.102758e-13
876 5.0944508e-13
877 5.0861776e-13
878 5.0779477e-13
879 5.0697577e-13
880 5.0615862e-13
881 5.0534602e-13
882 5.0453673e-13
883 5.0373173e-13
884 5.029288e-13
885 5.0212986e-13
886 5.0133413e-13
887 5.0054166e-13
888 4.9975244e-13
889 4.9896609e-13
890 4.9818245e-13
891 4.9740235e-13
892 4.966246e-13
893 4.9585044e-13
894 4.9507851e-13
895 4.9431001e-13
896 4.9354386e-13
897 4.9278019e-13
898 4.9201962e-13
899 4.9126138e-13
900 4.9050647e-13
901 4.8975355e-13
902 4.890032e-13
903 4.8825537e-13
904 4.8750957e-13
905 4.8676626e-13
906 4.8602549e-13
907 4.8528684e-13
908 4.8455085e-13
909 4.83816e-13
910 4.8308328e-13
911 4.8235332e-13
912 4.8162576e-13
913 4.8089977e-13
914 4.8017542e-13
915 4.7945313e-13
916 4.7873269e-13
917 4.7801412e-13
918 4.7729699e-13
919 4.7658179e-13
920 4.7586885e-13
921 4.751574e-13
922 4.7444758e-13
923 4.7373937e-13
924 4.7303296e-13
925 4.7232831e-13
926 4.7162482e-13
927 4.7092345e-13
928 4.7022271e-13
929 4.6952409e-13
930 4.6882701e-13
931 4.6813132e-13
932 4.6743669e-13
933 4.6674321e-13
934 4.6605175e-13
935 4.6536107e-13
936 4.6467212e-13
937 4.639833e-13
938 4.6329601e-13
939 4.6261021e-13
940 4.6192513e-13
941 4.6124146e-13
942 4.6055907e-13
943 4.5987736e-13
944 4.5919674e-13
945 4.5851778e-13
946 4.5783939e-13
947 4.5716175e-13
948 4.564854e-13
949 4.5581044e-13
950 4.5513612e-13
951 4.5446201e-13
952 4.537896e-13
953 4.5311694e-13
954 4.5244593e-13
955 4.5177532e-13
956 4.5110558e-13
957 4.5043671e-13
958 4.4976841e-13
959 4.4910143e-13
960 4.4843464e-13
961 4.4776839e-13
962 4.4710309e-13
963 4.4643854e-13
964 4.4577391e-13
965 4.4511107e-13
966 4.4444846e-13
967 4.4378698e-13
968 4.4312604e-13
969 4.424652e-13
970 4.418052e-13
971 4.4114549e-13
972 4.404868e-13
973 4.3982858e-13
974 4.3917069e-13
975 4.385139e-13
976 4.3785701e-13
977 4.3720017e-13
978 4.3654474e-13
979 4.3588982e-13
980 4.3523563e-13
981 4.34581e-13
982 4.3392744e-13
983 4.3327416e-13
984 4.3262126e-13
985 4.3196932e-13
986 4.3131798e-13
987 4.3066697e-13
988 4.3001606e-13
989 4.2936521e-13
990 4.2871553e-13
991 4.2806647e-13
992 4.2741718e-13
993 4.267689e-13
994 4.2612119e-13
995 4.2547396e-13
996 4.2482736e-13
997 4.241811e-13
998 4.2353448e-13
999 4.2288854e-13
1000 4.2224362e-13
1001 4.2159893e-13
1002 4.2095423e-13
1003 4.2031044e-13
1004 4.1966743e-13
1005 4.1902477e-13
1006 4.1838257e-13
1007 4.1774105e-13
1008 4.1709954e-13
1009 4.1645873e-13
1010 4.1581882e-13
1011 4.1517941e-13
1012 4.145402e-13
1013 4.1390216e-13
1014 4.1326464e-13
1015 4.1262755e-13
1016 4.1199153e-13
1017 4.1135561e-13
1018 4.107208e-13
1019 4.1008629e-13
1020 4.0945242e-13
1021 4.0881977e-13
1022 4.0818703e-13
1023 4.0755541e-13
1024 4.0692413e-13
1025 4.0629375e-13
1026 4.0566406e-13
1027 4.050356e-13
1028 4.0440743e-13
1029 4.0378008e-13
1030 4.0315304e-13
1031 4.0252722e-13
1032 4.0190176e-13
1033 4.0127777e-13
1034 4.0065439e-13
1035 4.0003185e-13
1036 3.9941056e-13
1037 3.9879006e-13
1038 3.9817045e-13
1039 3.9755164e-13
1040 3.9693401e-13
1041 3.9631747e-13
1042 3.9570142e-13
1043 3.9508691e-13
1044 3.9447324e-13
1045 3.9386027e-13
1046 3.9324867e-13
1047 3.9263864e-13
1048 3.9202895e-13
1049 3.9142143e-13
1050 3.9081404e-13
1051 3.9020774e-13
1052 3.8960334e-13
1053 3.8899961e-13
1054 3.8839696e-13
1055 3.8779571e-13
1056 3.8719595e-13
1057 3.8659697e-13
1058 3.8599933e-13
1059 3.8540353e-13
1060 3.8480925e-13
1061 3.8421584e-13
1062 3.836236e-13
1063 3.8303307e-13
1064 3.8244385e-13
1065 3.8185612e-13
1066 3.8126998e-13
1067 3.8068503e-13
1068 3.8010138e-13
1069 3.7951908e-13
1070 3.7893878e-13
1071 3.7835974e-13
1072 3.7778237e-13
1073 3.7720635e-13
1074 3.7663195e-13
1075 3.7605945e-13
1076 3.7548829e-13
1077 3.7491844e-13
1078 3.7435056e-13
1079 3.7378438e-13
1080 3.7321993e-13
1081 3.7265687e-13
1082 3.7209587e-13
1083 3.7153643e-13
1084 3.7097862e-13
1085 3.7042268e-13
1086 3.6986858e-13
1087 3.6931619e-13
1088 3.6876525e-13
1089 3.6821643e-13
1090 3.6766968e-13
1091 3.6712462e-13
1092 3.665812e-13
1093 3.6603999e-13
1094 3.6550072e-13
1095 3.6496335e-13
1096 3.6442761e-13
1097 3.6389361e-13
1098 3.6336181e-13
1099 3.6283145e-13
1100 3.6230336e-13
1101 3.6177768e-13
1102 3.6125326e-13
1103 3.6073117e-13
1104 3.6021091e-13
1105 3.5969259e-13
1106 3.5917666e-13
1107 3.5866244e-13
1108 3.5815027e-13
1109 3.5764002e-13
1110 3.5713221e-13
1111 3.5662654e-13
1112 3.561224e-13
1113 3.5562071e-13
1114 3.551212e-13
1115 3.5462334e-13
1116 3.5412733e-13
1117 3.5363397e-13
1118 3.5314242e-13
1119 3.5265275e-13
1120 3.5216508e-13
1121 3.5167958e-13
1122 3.5119621e-13
1123 3.507146e-13
1124 3.5023509e-13
1125 3.497583e-13
1126 3.4928303e-13
1127 3.4881009e-13
1128 3.4833945e-13
1129 3.4787054e-13
1130 3.4740317e-13
1131 3.4693846e-13
1132 3.4647587e-13
1133 3.460152e-13
1134 3.455566e-13
1135 3.4510006e-13
1136 3.4464597e-13
1137 3.4419355e-13
1138 3.4374305e-13
1139 3.4329485e-13
1140 3.4284872e-13
1141 3.4240438e-13
1142 3.4196235e-13
1143 3.4152235e-13
1144 3.4108356e-13
1145 3.4064759e-13
1146 3.402131e-13
1147 3.3978101e-13
1148 3.3935084e-13
1149 3.3892285e-13
1150 3.3849646e-13
1151 3.3807204e-13
1152 3.3764968e-13
1153 3.3722884e-13
1154 3.3681004e-13
1155 3.3639325e-13
1156 3.3597793e-13
1157 3.3556504e-13
1158 3.3515409e-13
1159 3.3474482e-13
1160 3.3433743e-13
1161 3.3393188e-13
1162 3.3352811e-13
1163 3.3312583e-13
1164 3.327256e-13
1165 3.3232705e-13
1166 3.3193013e-13
1167 3.3153482e-13
1168 3.3114161e-13
1169 3.3074976e-13
1170 3.303596e-13
1171 3.299713e-13
1172 3.2958421e-13
1173 3.2919884e-13
1174 3.2881529e-13
1175 3.2843357e-13
1176 3.2805287e-13
1177 3.2767447e-13
1178 3.2729723e-13
1179 3.2692134e-13
1180 3.2654715e-13
1181 3.261744e-13
1182 3.2580341e-13
1183 3.2543398e-13
1184 3.250653e-13
1185 3.2469809e-13
1186 3.2433264e-13
1187 3.2396847e-13
1188 3.2360578e-13
1189 3.2324415e-13
1190 3.2288416e-13
1191 3.2252546e-13
1192 3.2216763e-13
1193 3.2181152e-13
1194 3.2145615e-13
1195 3.2110247e-13
1196 3.2074976e-13
1197 3.203979e-13
1198 3.2004763e-13
1199 3.1969838e-13
1200 3.1935047e-13
1201 3.1900356e-13
1202 3.1865779e-13
1203 3.1831277e-13
1204 3.1796935e-13
1205 3.1762655e-13
1206 3.172851e-13
1207 3.1694448e-13
1208 3.1660459e-13
1209 3.1626606e-13
1210 3.1592837e-13
1211 3.155914e-13
1212 3.1525538e-13
1213 3.1492019e-13
1214 3.1458584e-13
1215 3.1425277e-13
1216 3.1391987e-13
1217 3.1358803e-13
1218 3.1325713e-13
1219 3.1292665e-13
1220 3.1259742e-13
1221 3.1226854e-13
1222 3.1194043e-13
1223 3.1161316e-13
1224 3.1128651e-13
1225 3.1096026e-13
1226 3.106352e-13
1227 3.1031029e-13
1228 3.0998607e-13
1229 3.0966246e-13
1230 3.0933946e-13
1231 3.0901672e-13
1232 3.0869479e-13
1233 3.0837363e-13
1234 3.0805242e-13
1235 3.0773221e-13
1236 3.0741214e-13
1237 3.070927e-13
1238 3.0677368e-13
1239 3.0645506e-13
1240 3.0613667e-13
1241 3.058189e-13
1242 3.055015e-13
1243 3.0518448e-13
1244 3.0486795e-13
1245 3.0455159e-13
1246 3.0423519e-13
1247 3.0391903e-13
1248 3.0360344e-13
1249 3.0328799e-13
1250 3.02973e-13
1251 3.0265802e-13
1252 3.0234325e-13
1253 3.0202881e-13
1254 3.0171451e-13
1255 3.0140025e-13
1256 3.0108596e-13
1257 3.0077244e-13
1258 3.0045888e-13
1259 3.0014512e-13
1260 2.9983159e-13
1261 2.9951813e-13
1262 2.9920481e-13
1263 2.9889153e-13
1264 2.9857859e-13
1265 2.9826519e-13
1266 2.9795202e-13
1267 2.9763908e-13
1268 2.9732607e-13
1269 2.9701306e-13
1270 2.9669987e-13
1271 2.9638653e-13
1272 2.9607321e-13
1273 2.9575999e-13
1274 2.9544689e-13
1275 2.9513367e-13
1276 2.9482038e-13
1277 2.9450703e-13
1278 2.9419354e-13
1279 2.9387996e-13
1280 2.9356637e-13
1281 2.9325264e-13
1282 2.9293869e-13
1283 2.9262457e-13
1284 2.9231075e-13
1285 2.9199649e-13
1286 2.9168208e-13
1287 2.9136769e-13
1288 2.9105324e-13
1289 2.9073861e-13
1290 2.9042383e-13
1291 2.9010888e-13
1292 2.8979372e-13
1293 2.8947851e-13
1294 2.891629e-13
1295 2.8884756e-13
1296 2.8853188e-13
1297 2.8821591e-13
1298 2.8790016e-13
1299 2.8758399e-13
1300 2.8726758e-13
1301 2.8695124e-13
1302 2.8663462e-13
1303 2.8631765e-13
1304 2.8600094e-13
1305 2.8568372e-13
1306 2.8536652e-13
1307 2.8504908e-13
1308 2.8473171e-13
1309 2.8441385e-13
1310 2.8409602e-13
1311 2.8377828e-13
1312 2.8346015e-13
1313 2.8314194e-13
1314 2.8282347e-13
1315 2.8250504e-13
1316 2.8218661e-13
1317 2.8186792e-13
1318 2.8154909e-13
1319 2.8123021e-13
1320 2.8091104e-13
1321 2.8059206e-13
1322 2.8027302e-13
1323 2.7995377e-13
1324 2.7963452e-13
1325 2.7931491e-13
1326 2.7899524e-13
1327 2.7867586e-13
1328 2.783563e-13
1329 2.7803659e-13
1330 2.7771683e-13
1331 2.7739713e-13
1332 2.7707731e-13
1333 2.7675746e-13
1334 2.7643769e-13
1335 2.7611779e-13
1336 2.7579796e-13
1337 2.7547846e-13
1338 2.7515885e-13
1339 2.7483915e-13
1340 2.7451946e-13
1341 2.7419959e-13
1342 2.7388006e-13
1343 2.7356074e-13
1344 2.7324143e-13
1345 2.7292222e-13
1346 2.7260325e-13
1347 2.7228418e-13
1348 2.7196535e-13
1349 2.7164673e-13
1350 2.7132807e-13
1351 2.7100987e-13
1352 2.7069159e-13
1353 2.7037378e-13
1354 2.70056e-13
1355 2.6973848e-13
1356 2.6942138e-13
1357 2.6910443e-13
1358 2.6878761e-13
1359 2.6847115e-13
1360 2.6815478e-13
1361 2.6783906e-13
1362 2.675234e-13
1363 2.6720813e-13
1364 2.6689329e-13
1365 2.6657853e-13
1366 2.6626434e-13
1367 2.6595058e-13
1368 2.6563728e-13
1369 2.6532443e-13
1370 2.6501194e-13
1371 2.6469998e-13
1372 2.6438817e-13
1373 2.6407708e-13
1374 2.6376634e-13
1375 2.6345626e-13
1376 2.6314657e-13
1377 2.6283734e-13
1378 2.6252884e-13
1379 2.6222098e-13
1380 2.6191363e-13
1381 2.6160693e-13
1382 2.6130071e-13
1383 2.6099531e-13
1384 2.6069036e-13
1385 2.603861e-13
1386 2.6008248e-13
1387 2.5977939e-13
1388 2.5947707e-13
1389 2.5917567e-13
1390 2.5887466e-13
1391 2.5857471e-13
1392 2.5827536e-13
1393 2.5797671e-13
1394 2.5767899e-13
1395 2.5738177e-13
1396 2.5708562e-13
1397 2.5679022e-13
1398 2.5649567e-13
1399 2.562022e-13
1400 2.5590951e-13
1401 2.5561742e-13
1402 2.5532613e-13
1403 2.5503617e-13
1404 2.5474685e-13
1405 2.5445838e-13
1406 2.5417107e-13
1407 2.5388441e-13
1408 2.5359895e-13
1409 2.5331437e-13
1410 2.5303077e-13
1411 2.5274798e-13
1412 2.5246636e-13
1413 2.5218575e-13
1414 2.519064e-13
1415 2.516277e-13
1416 2.5135028e-13
1417 2.5107374e-13
1418 2.507983e-13
1419 2.5052389e-13
1420 2.5025059e-13
1421 2.4997855e-13
1422 2.4970757e-13
1423 2.4943766e-13
1424 2.491688e-13
1425 2.4890109e-13
1426 2.4863469e-13
1427 2.4836916e-13
1428 2.4810499e-13
1429 2.4784193e-13
1430 2.4757983e-13
1431 2.473192e-13
1432 2.4705943e-13
1433 2.4680113e-13
1434 2.4654384e-13
1435 2.462877e-13
1436 2.4603285e-13
1437 2.457792e-13
1438 2.4552675e-13
1439 2.4527564e-13
1440 2.4502578e-13
1441 2.4477682e-13
1442 2.4452932e-13
1443 2.4428307e-13
1444 2.4403785e-13
1445 2.4379413e-13
1446 2.4355159e-13
1447 2.4331036e-13
1448 2.4307013e-13
1449 2.4283126e-13
1450 2.4259365e-13
1451 2.4235747e-13
1452 2.4212234e-13
1453 2.4188857e-13
1454 2.4165604e-13
1455 2.4142472e-13
1456 2.4119469e-13
1457 2.4096595e-13
1458 2.4073838e-13
1459 2.4051201e-13
1460 2.4028694e-13
1461 2.400633e-13
1462 2.3984078e-13
1463 2.396196e-13
1464 2.3939974e-13
1465 2.3918101e-13
1466 2.3896346e-13
1467 2.3874721e-13
1468 2.3853224e-13
1469 2.3831843e-13
1470 2.3810587e-13
1471 2.378947e-13
1472 2.3768473e-13
1473 2.3747592e-13
1474 2.3726842e-13
1475 2.3706211e-13
1476 2.368568e-13
1477 2.3665295e-13
1478 2.3645024e-13
1479 2.3624879e-13
1480 2.3604839e-13
1481 2.3584954e-13
1482 2.356516e-13
1483 2.3545489e-13
1484 2.352594e-13
1485 2.3506502e-13
1486 2.3487186e-13
1487 2.3467979e-13
1488 2.3448903e-13
1489 2.3429931e-13
1490 2.3411082e-13
1491 2.3392331e-13
1492 2.3373718e-13
1493 2.3355182e-13
1494 2.3336785e-13
1495 2.331849e-13
1496 2.3300295e-13
1497 2.3282215e-13
1498 2.3264245e-13
1499 2.3246386e-13
1500 2.3228618e-13
1501 2.3210974e-13
1502 2.3193432e-13
1503 2.3175997e-13
1504 2.3158654e-13
1505 2.3141411e-13
1506 2.3124277e-13
1507 2.3107222e-13
1508 2.3090288e-13
1509 2.3073442e-13
1510 2.3056694e-13
1511 2.3040046e-13
1512 2.3023499e-13
1513 2.300703e-13
1514 2.299066e-13
1515 2.2974378e-13
1516 2.2958189e-13
1517 2.2942083e-13
1518 2.2926072e-13
1519 2.2910146e-13
1520 2.2894307e-13
1521 2.2878544e-13
1522 2.2862877e-13
1523 2.284729e-13
1524 2.2831782e-13
1525 2.2816342e-13
1526 2.2800999e-13
1527 2.2785718e-13
1528 2.2770515e-13
1529 2.2755387e-13
1530 2.2740348e-13
1531 2.2725364e-13
1532 2.2710471e-13
1533 2.2695615e-13
1534 2.268084e-13
1535 2.2666139e-13
1536 2.2651507e-13
1537 2.2636921e-13
1538 2.2622407e-13
1539 2.2607969e-13
1540 2.259358e-13
1541 2.2579257e-13
1542 2.2564974e-13
1543 2.2550762e-13
1544 2.2536612e-13
1545 2.2522497e-13
1546 2.2508449e-13
1547 2.2494437e-13
1548 2.2480493e-13
1549 2.2466591e-13
1550 2.2452727e-13
1551 2.2438922e-13
1552 2.2425139e-13
1553 2.2411417e-13
1554 2.2397736e-13
1555 2.2384092e-13
1556 2.2370486e-13
1557 2.2356912e-13
1558 2.2343387e-13
1559 2.2329898e-13
1560 2.2316436e-13
1561 2.2303019e-13
1562 2.2289624e-13
1563 2.2276263e-13
1564 2.226292e-13
1565 2.2249624e-13
1566 2.2236347e-13
1567 2.2223086e-13
1568 2.2209855e-13
1569 2.2196642e-13
1570 2.2183452e-13
1571 2.2170289e-13
1572 2.215716e-13
1573 2.2144018e-13
1574 2.2130918e-13
1575 2.2117815e-13
1576 2.2104744e-13
1577 2.2091671e-13
1578 2.2078613e-13
1579 2.2065572e-13
1580 2.2052546e-13
1581 2.203952e-13
1582 2.2026497e-13
1583 2.2013507e-13
1584 2.2000493e-13
1585 2.1987495e-13
1586 2.1974498e-13
1587 2.1961514e-13
1588 2.1948519e-13
1589 2.1935542e-13
1590 2.1922549e-13
1591 2.1909567e-13
1592 2.1896571e-13
1593 2.1883582e-13
1594 2.1870577e-13
1595 2.1857559e-13
1596 2.1844561e-13
1597 2.1831549e-13
1598 2.1818513e-13
1599 2.1805483e-13
1600 2.1792435e-13
1601 2.1779388e-13
1602 2.176632e-13
1603 2.1753244e-13
1604 2.1740167e-13
1605 2.172708e-13
1606 2.1713961e-13
1607 2.1700838e-13
1608 2.16877e-13
1609 2.1674529e-13
1610 2.1661364e-13
1611 2.1648166e-13
1612 2.1634976e-13
1613 2.1621754e-13
1614 2.1608498e-13
1615 2.1595242e-13
1616 2.1581958e-13
1617 2.1568659e-13
1618 2.1555338e-13
1619 2.1541996e-13
1620 2.1528624e-13
1621 2.151524e-13
1622 2.1501825e-13
1623 2.1488403e-13
1624 2.1474949e-13
1625 2.1461465e-13
1626 2.1447971e-13
1627 2.1434454e-13
1628 2.1420898e-13
1629 2.140733e-13
1630 2.1393727e-13
1631 2.1380104e-13
1632 2.1366472e-13
1633 2.1352797e-13
1634 2.1339113e-13
1635 2.1325399e-13
1636 2.1311661e-13
1637 2.1297888e-13
1638 2.1284094e-13
1639 2.1270279e-13
1640 2.1256449e-13
1641 2.1242591e-13
1642 2.1228712e-13
1643 2.1214796e-13
1644 2.1200857e-13
1645 2.1186895e-13
1646 2.1172916e-13
1647 2.1158896e-13
1648 2.114487e-13
1649 2.1130821e-13
1650 2.1116747e-13
1651 2.1102663e-13
1652 2.1088533e-13
1653 2.1074398e-13
1654 2.1060237e-13
1655 2.1046043e-13
1656 2.1031847e-13
1657 2.1017623e-13
1658 2.1003385e-13
1659 2.0989133e-13
1660 2.0974851e-13
1661 2.0960559e-13
1662 2.0946239e-13
1663 2.0931902e-13
1664 2.0917549e-13
1665 2.0903192e-13
1666 2.0888814e-13
1667 2.0874413e-13
1668 2.0860012e-13
1669 2.0845587e-13
1670 2.0831151e-13
1671 2.0816707e-13
1672 2.080224e-13
1673 2.0787781e-13
1674 2.0773298e-13
1675 2.0758815e-13
1676 2.0744331e-13
1677 2.0729825e-13
1678 2.0715324e-13
1679 2.0700815e-13
1680 2.0686297e-13
1681 2.0671769e-13
1682 2.0657244e-13
1683 2.0642714e-13
1684 2.0628195e-13
1685 2.0613677e-13
1686 2.0599146e-13
1687 2.0584631e-13
1688 2.0570105e-13
1689 2.0555601e-13
1690 2.0541087e-13
1691 2.0526579e-13
1692 2.0512074e-13
1693 2.0497582e-13
1694 2.0483092e-13
1695 2.0468624e-13
1696 2.0454165e-13
1697 2.0439708e-13
1698 2.0425272e-13
1699 2.0410839e-13
1700 2.039643e-13
1701 2.0382027e-13
1702 2.0367639e-13
1703 2.0353286e-13
1704 2.0338943e-13
1705 2.0324618e-13
1706 2.0310307e-13
1707 2.0296023e-13
1708 2.0281756e-13
1709 2.0267524e-13
1710 2.0253315e-13
1711 2.0239131e-13
1712 2.0224976e-13
1713 2.021084e-13
1714 2.0196747e-13
1715 2.018267e-13
1716 2.0168631e-13
1717 2.0154621e-13
1718 2.0140642e-13
1719 2.0126698e-13
1720 2.0112783e-13
1721 2.0098903e-13
1722 2.0085071e-13
1723 2.0071269e-13
1724 2.005751e-13
1725 2.0043786e-13
1726 2.00301e-13
1727 2.0016456e-13
1728 2.0002871e-13
1729 1.9989314e-13
1730 1.9975798e-13
1731 1.9962348e-13
1732 1.9948923e-13
1733 1.9935555e-13
1734 1.9922234e-13
1735 1.9908958e-13
1736 1.9895725e-13
1737 1.9882564e-13
1738 1.9869432e-13
1739 1.9856372e-13
1740 1.9843353e-13
1741 1.983039e-13
1742 1.9817474e-13
1743 1.9804624e-13
1744 1.9791831e-13
1745 1.9779092e-13
1746 1.9766397e-13
1747 1.9753786e-13
1748 1.9741214e-13
1749 1.9728712e-13
1750 1.9716264e-13
1751 1.970387e-13
1752 1.9691544e-13
1753 1.9679284e-13
1754 1.9667078e-13
1755 1.9654943e-13
1756 1.964287e-13
1757 1.9630867e-13
1758 1.961892e-13
1759 1.9607046e-13
1760 1.959523e-13
1761 1.9583478e-13
1762 1.9571804e-13
1763 1.9560185e-13
1764 1.954864e-13
1765 1.9537162e-13
1766 1.9525763e-13
1767 1.9514419e-13
1768 1.9503151e-13
1769 1.9491946e-13
1770 1.9480812e-13
1771 1.9469759e-13
1772 1.9458756e-13
1773 1.9447841e-13
1774 1.943699e-13
1775 1.9426215e-13
1776 1.9415504e-13
1777 1.9404867e-13
1778 1.9394309e-13
1779 1.9383809e-13
1780 1.9373383e-13
1781 1.9363044e-13
1782 1.9352763e-13
1783 1.9342548e-13
1784 1.9332421e-13
1785 1.9322369e-13
1786 1.9312371e-13
1787 1.9302461e-13
1788 1.9292613e-13
1789 1.9282835e-13
1790 1.9273142e-13
1791 1.926351e-13
1792 1.9253949e-13
1793 1.9244471e-13
1794 1.9235061e-13
1795 1.9225715e-13
1796 1.9216454e-13
1797 1.9207251e-13
1798 1.9198118e-13
1799 1.9189054e-13
1800 1.9180075e-13
1801 1.9171152e-13
1802 1.9162302e-13
1803 1.9153529e-13
1804 1.9144813e-13
1805 1.9136164e-13
1806 1.9127585e-13
1807 1.9119079e-13
1808 1.9110639e-13
1809 1.9102268e-13
1810 1.9093953e-13
1811 1.9085715e-13
1812 1.907753e-13
1813 1.9069418e-13
1814 1.9061366e-13
1815 1.9053369e-13
1816 1.9045444e-13
1817 1.9037584e-13
1818 1.9029781e-13
1819 1.9022039e-13
1820 1.9014351e-13
1821 1.9006732e-13
1822 1.8999167e-13
1823 1.899167e-13
1824 1.8984223e-13
1825 1.8976826e-13
1826 1.8969494e-13
1827 1.8962217e-13
1828 1.8954992e-13
1829 1.8947824e-13
1830 1.8940705e-13
1831 1.8933636e-13
1832 1.8926622e-13
1833 1.8919656e-13
1834 1.8912745e-13
1835 1.8905887e-13
1836 1.8899067e-13
1837 1.889231e-13
1838 1.8885581e-13
1839 1.8878903e-13
1840 1.8872274e-13
1841 1.886568e-13
1842 1.8859138e-13
1843 1.8852622e-13
1844 1.8846158e-13
1845 1.8839734e-13
1846 1.8833347e-13
1847 1.8826996e-13
1848 1.8820686e-13
1849 1.8814413e-13
1850 1.8808177e-13
1851 1.880197e-13
1852 1.8795801e-13
1853 1.8789658e-13
1854 1.8783549e-13
1855 1.8777466e-13
1856 1.8771419e-13
1857 1.8765391e-13
1858 1.8759394e-13
1859 1.8753422e-13
1860 1.8747477e-13
1861 1.8741551e-13
1862 1.8735652e-13
1863 1.8729771e-13
1864 1.8723917e-13
1865 1.8718075e-13
1866 1.8712244e-13
1867 1.8706439e-13
1868 1.8700657e-13
1869 1.8694878e-13
1870 1.8689116e-13
1871 1.8683362e-13
1872 1.8677632e-13
1873 1.8671907e-13
1874 1.8666184e-13
1875 1.8660474e-13
1876 1.8654775e-13
1877 1.8649079e-13
1878 1.8643384e-13
1879 1.8637703e-13
1880 1.8632013e-13
1881 1.8626333e-13
1882 1.8620644e-13
1883 1.8614969e-13
1884 1.8609284e-13
1885 1.860359e-13
1886 1.8597907e-13
1887 1.8592203e-13
1888 1.8586507e-13
1889 1.8580797e-13
1890 1.8575087e-13
1891 1.8569355e-13
1892 1.856362e-13
1893 1.8557873e-13
1894 1.8552115e-13
1895 1.8546351e-13
1896 1.8540564e-13
1897 1.8534768e-13
1898 1.8528949e-13
1899 1.8523116e-13
1900 1.8517271e-13
1901 1.8511396e-13
1902 1.8505514e-13
1903 1.8499612e-13
1904 1.8493686e-13
1905 1.848773e-13
1906 1.8481755e-13
1907 1.8475763e-13
1908 1.8469736e-13
1909 1.846369e-13
1910 1.8457617e-13
1911 1.8451524e-13
1912 1.8445386e-13
1913 1.8439233e-13
1914 1.8433051e-13
1915 1.8426849e-13
1916 1.8420605e-13
1917 1.8414331e-13
1918 1.840802e-13
1919 1.8401689e-13
1920 1.8395318e-13
1921 1.8388912e-13
1922 1.8382471e-13
1923 1.8376003e-13
1924 1.8369504e-13
1925 1.8362967e-13
1926 1.8356392e-13
1927 1.8349783e-13
1928 1.8343137e-13
1929 1.833645e-13
1930 1.8329727e-13
1931 1.8322967e-13
1932 1.8316178e-13
1933 1.8309338e-13
1934 1.8302473e-13
1935 1.8295558e-13
1936 1.8288616e-13
1937 1.8281626e-13
1938 1.8274608e-13
1939 1.8267543e-13
1940 1.8260439e-13
1941 1.8253299e-13
1942 1.824612e-13
1943 1.8238904e-13
1944 1.8231643e-13
1945 1.8224354e-13
1946 1.8217016e-13
1947 1.8209642e-13
1948 1.8202223e-13
1949 1.8194776e-13
1950 1.8187279e-13
1951 1.8179747e-13
1952 1.8172182e-13
1953 1.8164584e-13
1954 1.8156935e-13
1955 1.814926e-13
1956 1.8141541e-13
1957 1.8133785e-13
1958 1.8126007e-13
1959 1.8118182e-13
1960 1.8110324e-13
1961 1.8102428e-13
1962 1.80945e-13
1963 1.8086545e-13
1964 1.8078548e-13
1965 1.8070523e-13
1966 1.8062466e-13
1967 1.8054373e-13
1968 1.8046257e-13
1969 1.803811e-13
1970 1.8029928e-13
1971 1.802172e-13
1972 1.8013487e-13
1973 1.8005226e-13
1974 1.7996949e-13
1975 1.798864e-13
1976 1.7980297e-13
1977 1.7971941e-13
1978 1.7963561e-13
1979 1.7955159e-13
1980 1.7946734e-13
1981 1.7938295e-13
1982 1.7929836e-13
1983 1.7921354e-13
1984 1.7912854e-13
1985 1.7904346e-13
1986 1.7895819e-13
1987 1.7887288e-13
1988 1.7878733e-13
1989 1.7870167e-13
1990 1.7861602e-13
1991 1.7853013e-13
1992 1.784443e-13
1993 1.7835828e-13
1994 1.7827233e-13
1995 1.7818628e-13
1996 1.7810023e-13
1997 1.7801414e-13
1998 1.7792802e-13
1999 1.778419e-13
2000 1.7775582e-13
2001 1.7766978e-13
2002 1.7758382e-13
2003 1.7749783e-13
2004 1.7741201e-13
2005 1.7732618e-13
2006 1.7724053e-13
2007 1.7715498e-13
2008 1.770695e-13
2009 1.7698422e-13
2010 1.76899e-13
2011 1.7681407e-13
2012 1.7672922e-13
2013 1.7664453e-13
2014 1.7656017e-13
2015 1.7647596e-13
2016 1.7639204e-13
2017 1.7630829e-13
2018 1.762248e-13
2019 1.7614159e-13
2020 1.7605867e-13
2021 1.7597611e-13
2022 1.7589382e-13
2023 1.7581183e-13
2024 1.757303e-13
2025 1.7564903e-13
2026 1.7556815e-13
2027 1.754877e-13
2028 1.7540763e-13
2029 1.7532791e-13
2030 1.7524878e-13
2031 1.7516996e-13
2032 1.7509164e-13
2033 1.7501376e-13
2034 1.7493643e-13
2035 1.7485956e-13
2036 1.7478316e-13
2037 1.7470738e-13
2038 1.7463215e-13
2039 1.7455738e-13
2040 1.7448324e-13
2041 1.7440975e-13
2042 1.7433677e-13
2043 1.7426447e-13
2044 1.7419271e-13
2045 1.7412165e-13
2046 1.7405121e-13
2047 1.7398151e-13
2048 1.7391243e-13
2049 1.7384406e-13
2050 1.7377642e-13
2051 1.7370948e-13
2052 1.7364329e-13
2053 1.7357789e-13
2054 1.7351319e-13
2055 1.734493e-13
2056 1.733861e-13
2057 1.7332379e-13
2058 1.7326228e-13
2059 1.7320156e-13
2060 1.7314173e-13
2061 1.7308267e-13
2062 1.730245e-13
2063 1.729672e-13
2064 1.7291079e-13
2065 1.7285535e-13
2066 1.7280066e-13
2067 1.7274697e-13
2068 1.7269422e-13
2069 1.7264246e-13
2070 1.7259153e-13
2071 1.7254163e-13
2072 1.7249267e-13
2073 1.7244467e-13
2074 1.7239771e-13
2075 1.7235169e-13
2076 1.7230671e-13
2077 1.7226275e-13
2078 1.722198e-13
2079 1.7217789e-13
2080 1.7213697e-13
2081 1.7209715e-13
2082 1.7205836e-13
2083 1.7202066e-13
2084 1.7198395e-13
2085 1.7194846e-13
2086 1.7191397e-13
2087 1.7188067e-13
2088 1.7184834e-13
2089 1.7181721e-13
2090 1.7178727e-13
2091 1.717584e-13
2092 1.7173065e-13
2093 1.71704e-13
2094 1.7167849e-13
2095 1.7165413e-13
2096 1.7163102e-13
2097 1.7160897e-13
2098 1.7158814e-13
2099 1.7156847e-13
2100 1.7154994e-13
2101 1.7153265e-13
2102 1.7151646e-13
2103 1.7150151e-13
2104 1.7148778e-13
2105 1.7147516e-13
2106 1.7146383e-13
2107 1.7145364e-13
2108 1.7144465e-13
2109 1.7143695e-13
2110 1.7143035e-13
2111 1.7142501e-13
2112 1.7142088e-13
2113 1.7141793e-13
2114 1.7141617e-13
2115 1.7141569e-13
2116 1.7141646e-13
2117 1.7141841e-13
2118 1.714215e-13
2119 1.7142588e-13
2120 1.714315e-13
2121 1.7143827e-13
2122 1.7144629e-13
2123 1.7145556e-13
2124 1.7146598e-13
2125 1.7147762e-13
2126 1.7149046e-13
2127 1.7150445e-13
2128 1.7151967e-13
2129 1.7153611e-13
2130 1.7155376e-13
2131 1.7157265e-13
2132 1.7159265e-13
2133 1.7161384e-13
2134 1.7163624e-13
2135 1.7165974e-13
2136 1.7168442e-13
2137 1.7171034e-13
2138 1.7173744e-13
2139 1.7176562e-13
2140 1.71795e-13
2141 1.7182555e-13
2142 1.7185716e-13
2143 1.7188997e-13
2144 1.7192386e-13
2145 1.7195891e-13
2146 1.7199504e-13
2147 1.7203234e-13
2148 1.720707e-13
2149 1.7211013e-13
2150 1.7215071e-13
2151 1.7219234e-13
2152 1.7223495e-13
2153 1.722787e-13
2154 1.723235e-13
2155 1.7236935e-13
2156 1.7241626e-13
2157 1.724642e-13
2158 1.7251308e-13
2159 1.72563e-13
2160 1.7261388e-13
2161 1.7266581e-13
2162 1.7271865e-13
2163 1.7277253e-13
2164 1.7282736e-13
2165 1.7288311e-13
2166 1.7293978e-13
2167 1.729974e-13
2168 1.7305584e-13
2169 1.7311528e-13
2170 1.7317558e-13
2171 1.7323678e-13
2172 1.7329883e-13
2173 1.733617e-13
2174 1.734254e-13
2175 1.7349001e-13
2176 1.7355536e-13
2177 1.7362162e-13
2178 1.7368859e-13
2179 1.7375628e-13
2180 1.7382482e-13
2181 1.7389405e-13
2182 1.7396402e-13
2183 1.7403481e-13
2184 1.7410623e-13
2185 1.7417828e-13
2186 1.7425113e-13
2187 1.7432453e-13
2188 1.7439864e-13
2189 1.7447338e-13
2190 1.7454874e-13
2191 1.7462473e-13
2192 1.7470124e-13
2193 1.7477838e-13
2194 1.7485605e-13
2195 1.7493427e-13
2196 1.7501301e-13
2197 1.7509229e-13
2198 1.7517201e-13
2199 1.7525226e-13
2200 1.7533295e-13
2201 1.7541407e-13
2202 1.7549565e-13
2203 1.7557767e-13
2204 1.7566004e-13
2205 1.7574284e-13
2206 1.75826e-13
2207 1.7590942e-13
2208 1.7599328e-13
2209 1.7607741e-13
2210 1.761618e-13
2211 1.7624645e-13
2212 1.7633148e-13
2213 1.7641667e-13
2214 1.7650213e-13
2215 1.7658777e-13
2216 1.7667368e-13
2217 1.7675966e-13
2218 1.7684592e-13
2219 1.7693221e-13
2220 1.7701873e-13
2221 1.7710528e-13
2222 1.7719201e-13
2223 1.7727876e-13
2224 1.7736561e-13
2225 1.7745255e-13
2226 1.775395e-13
2227 1.7762647e-13
2228 1.7771338e-13
2229 1.7780037e-13
2230 1.7788729e-13
2231 1.7797417e-13
2232 1.7806096e-13
2233 1.781477e-13
2234 1.7823437e-13
2235 1.7832096e-13
2236 1.7840741e-13
2237 1.7849372e-13
2238 1.7857988e-13
2239 1.7866591e-13
2240 1.787517e-13
2241 1.7883735e-13
2242 1.7892278e-13
2243 1.7900799e-13
2244 1.7909304e-13
2245 1.791778e-13
2246 1.7926224e-13
2247 1.7934646e-13
2248 1.794304e-13
2249 1.7951414e-13
2250 1.7959748e-13
2251 1.7968052e-13
2252 1.7976326e-13
2253 1.7984562e-13
2254 1.799277e-13
2255 1.800094e-13
2256 1.8009073e-13
2257 1.8017169e-13
2258 1.802522e-13
2259 1.8033232e-13
2260 1.8041209e-13
2261 1.804914e-13
2262 1.8057035e-13
2263 1.8064879e-13
2264 1.8072686e-13
2265 1.8080448e-13
2266 1.808816e-13
2267 1.8095826e-13
2268 1.8103441e-13
2269 1.8111021e-13
2270 1.811854e-13
2271 1.8126017e-13
2272 1.8133443e-13
2273 1.8140818e-13
2274 1.8148142e-13
2275 1.8155414e-13
2276 1.8162636e-13
2277 1.816981e-13
2278 1.8176925e-13
2279 1.8183997e-13
2280 1.8191003e-13
2281 1.8197966e-13
2282 1.8204871e-13
2283 1.8211719e-13
2284 1.8218518e-13
2285 1.8225268e-13
2286 1.8231953e-13
2287 1.823859e-13
2288 1.8245177e-13
2289 1.82517e-13
2290 1.8258173e-13
2291 1.826459e-13
2292 1.8270959e-13
2293 1.8277272e-13
2294 1.8283528e-13
2295 1.828973e-13
2296 1.8295883e-13
2297 1.830198e-13
2298 1.8308021e-13
2299 1.8314007e-13
2300 1.8319947e-13
2301 1.8325839e-13
2302 1.8331676e-13
2303 1.8337457e-13
2304 1.8343192e-13
2305 1.8348874e-13
2306 1.8354508e-13
2307 1.8360096e-13
2308 1.8365635e-13
2309 1.8371122e-13
2310 1.8376563e-13
2311 1.8381959e-13
2312 1.8387313e-13
2313 1.8392616e-13
2314 1.839788e-13
2315 1.8403097e-13
2316 1.840827e-13
2317 1.8413405e-13
2318 1.8418495e-13
2319 1.8423547e-13
2320 1.8428559e-13
2321 1.8433535e-13
2322 1.8438474e-13
2323 1.8443375e-13
2324 1.8448238e-13
2325 1.845307e-13
2326 1.8457868e-13
2327 1.8462634e-13
2328 1.8467363e-13
2329 1.847207e-13
2330 1.8476739e-13
2331 1.8481385e-13
2332 1.8486003e-13
2333 1.84906e-13
2334 1.8495166e-13
2335 1.8499719e-13
2336 1.8504242e-13
2337 1.8508743e-13
2338 1.8513229e-13
2339 1.8517694e-13
2340 1.8522139e-13
2341 1.8526575e-13
2342 1.8530988e-13
2343 1.8535388e-13
2344 1.8539782e-13
2345 1.8544162e-13
2346 1.8548534e-13
2347 1.8552893e-13
2348 1.8557254e-13
2349 1.8561597e-13
2350 1.8565942e-13
2351 1.8570287e-13
2352 1.8574625e-13
2353 1.8578964e-13
2354 1.8583303e-13
2355 1.8587643e-13
2356 1.859199e-13
2357 1.8596336e-13
2358 1.8600691e-13
2359 1.8605053e-13
2360 1.8609422e-13
2361 1.8613807e-13
2362 1.8618198e-13
2363 1.8622598e-13
2364 1.8627018e-13
2365 1.8631449e-13
2366 1.8635899e-13
2367 1.8640371e-13
2368 1.864485e-13
2369 1.8649358e-13
2370 1.8653886e-13
2371 1.8658434e-13
2372 1.8663005e-13
2373 1.8667598e-13
2374 1.867222e-13
2375 1.8676876e-13
2376 1.8681553e-13
2377 1.8686258e-13
2378 1.8690999e-13
2379 1.8695767e-13
2380 1.870057e-13
2381 1.87054e-13
2382 1.8710271e-13
2383 1.8715178e-13
2384 1.872012e-13
2385 1.8725095e-13
2386 1.8730111e-13
2387 1.873517e-13
2388 1.8740269e-13
2389 1.8745402e-13
2390 1.8750581e-13
2391 1.8755803e-13
2392 1.8761073e-13
2393 1.8766384e-13
2394 1.8771741e-13
2395 1.8777147e-13
2396 1.8782591e-13
2397 1.8788089e-13
2398 1.8793629e-13
2399 1.8799222e-13
2400 1.8804861e-13
2401 1.8810554e-13
2402 1.8816293e-13
2403 1.8822085e-13
2404 1.8827924e-13
2405 1.8833821e-13
2406 1.8839764e-13
2407 1.8845762e-13
2408 1.8851811e-13
2409 1.8857912e-13
2410 1.8864067e-13
2411 1.8870273e-13
2412 1.8876539e-13
2413 1.8882854e-13
2414 1.8889222e-13
2415 1.8895641e-13
2416 1.8902119e-13
2417 1.8908656e-13
2418 1.8915238e-13
2419 1.8921877e-13
2420 1.8928572e-13
2421 1.8935319e-13
2422 1.8942116e-13
2423 1.8948971e-13
2424 1.8955883e-13
2425 1.8962839e-13
2426 1.8969857e-13
2427 1.8976919e-13
2428 1.8984038e-13
2429 1.8991206e-13
2430 1.899843e-13
2431 1.9005697e-13
2432 1.901302e-13
2433 1.9020392e-13
2434 1.9027813e-13
2435 1.9035284e-13
2436 1.9042803e-13
2437 1.9050364e-13
2438 1.905798e-13
2439 1.9065632e-13
2440 1.9073338e-13
2441 1.9081086e-13
2442 1.9088875e-13
2443 1.9096703e-13
2444 1.910458e-13
2445 1.9112491e-13
2446 1.9120451e-13
2447 1.9128444e-13
2448 1.9136471e-13
2449 1.9144539e-13
2450 1.915264e-13
2451 1.9160775e-13
2452 1.9168944e-13
2453 1.9177138e-13
2454 1.9185374e-13
2455 1.9193629e-13
2456 1.9201916e-13
2457 1.9210225e-13
2458 1.9218567e-13
2459 1.9226929e-13
2460 1.923531e-13
2461 1.9243717e-13
2462 1.9252138e-13
2463 1.9260578e-13
2464 1.926903e-13
2465 1.9277502e-13
2466 1.9285987e-13
2467 1.9294478e-13
2468 1.9302983e-13
2469 1.9311492e-13
2470 1.9320009e-13
2471 1.9328531e-13
2472 1.9337054e-13
2473 1.9345582e-13
2474 1.9354103e-13
2475 1.9362623e-13
2476 1.9371136e-13
2477 1.9379644e-13
2478 1.9388144e-13
2479 1.9396631e-13
2480 1.940511e-13
2481 1.941357e-13
2482 1.9422016e-13
2483 1.9430443e-13
2484 1.9438843e-13
2485 1.9447229e-13
2486 1.9455583e-13
2487 1.9463918e-13
2488 1.947222e-13
2489 1.9480495e-13
2490 1.9488732e-13
2491 1.9496936e-13
2492 1.9505101e-13
2493 1.9513233e-13
2494 1.9521315e-13
2495 1.9529367e-13
2496 1.9537365e-13
2497 1.9545312e-13
2498 1.9553215e-13
2499 1.9561066e-13
2500 1.9568861e-13
2501 1.9576598e-13
2502 1.9584285e-13
2503 1.9591909e-13
2504 1.9599469e-13
2505 1.9606961e-13
2506 1.9614396e-13
2507 1.9621755e-13
2508 1.9629046e-13
2509 1.9636269e-13
2510 1.9643417e-13
2511 1.9650485e-13
2512 1.9657477e-13
2513 1.9664389e-13
2514 1.9671221e-13
2515 1.9677965e-13
2516 1.968463e-13
2517 1.9691202e-13
2518 1.9697688e-13
2519 1.9704076e-13
2520 1.9710378e-13
2521 1.9716582e-13
2522 1.9722688e-13
2523 1.9728696e-13
2524 1.9734607e-13
2525 1.9740415e-13
2526 1.9746119e-13
2527 1.9751715e-13
2528 1.9757209e-13
2529 1.97626e-13
2530 1.9767878e-13
2531 1.977304e-13
2532 1.9778094e-13
2533 1.978304e-13
2534 1.9787867e-13
2535 1.9792574e-13
2536 1.9797168e-13
2537 1.9801644e-13
2538 1.9806001e-13
2539 1.9810233e-13
2540 1.9814348e-13
2541 1.9818337e-13
2542 1.9822203e-13
2543 1.9825946e-13
2544 1.9829565e-13
2545 1.9833055e-13
2546 1.9836416e-13
2547 1.9839656e-13
2548 1.984276e-13
2549 1.9845736e-13
2550 1.9848586e-13
2551 1.9851308e-13
2552 1.9853897e-13
2553 1.9856352e-13
2554 1.9858677e-13
2555 1.9860866e-13
2556 1.9862932e-13
2557 1.986486e-13
2558 1.9866662e-13
2559 1.9868328e-13
2560 1.9869856e-13
2561 1.9871261e-13
2562 1.9872529e-13
2563 1.9873667e-13
2564 1.987467e-13
2565 1.9875544e-13
2566 1.9876288e-13
2567 1.9876898e-13
2568 1.9877381e-13
2569 1.9877729e-13
2570 1.9877955e-13
2571 1.9878048e-13
2572 1.9878013e-13
2573 1.9877847e-13
2574 1.987756e-13
2575 1.9877148e-13
2576 1.9876609e-13
2577 1.9875944e-13
2578 1.987516e-13
2579 1.9874257e-13
2580 1.9873229e-13
2581 1.9872084e-13
2582 1.9870814e-13
2583 1.9869438e-13
2584 1.9867938e-13
2585 1.9866328e-13
2586 1.9864606e-13
2587 1.9862769e-13
2588 1.9860825e-13
2589 1.9858777e-13
2590 1.9856613e-13
2591 1.9854352e-13
2592 1.9851987e-13
2593 1.9849524e-13
2594 1.9846959e-13
2595 1.9844297e-13
2596 1.9841537e-13
2597 1.9838688e-13
2598 1.9835743e-13
2599 1.9832713e-13
2600 1.9829592e-13
2601 1.9826394e-13
2602 1.9823108e-13
2603 1.9819743e-13
2604 1.9816301e-13
2605 1.9812782e-13
2606 1.9809186e-13
2607 1.9805526e-13
2608 1.9801794e-13
2609 1.9797991e-13
2610 1.9794131e-13
2611 1.9790211e-13
2612 1.9786226e-13
2613 1.978219e-13
2614 1.9778102e-13
2615 1.9773955e-13
2616 1.9769769e-13
2617 1.9765535e-13
2618 1.9761256e-13
2619 1.9756936e-13
2620 1.9752584e-13
2621 1.9748192e-13
2622 1.9743771e-13
2623 1.9739321e-13
2624 1.9734844e-13
2625 1.973034e-13
2626 1.9725819e-13
2627 1.9721282e-13
2628 1.9716728e-13
2629 1.9712159e-13
2630 1.9707585e-13
2631 1.9703006e-13
2632 1.9698418e-13
2633 1.9693831e-13
2634 1.9689249e-13
2635 1.9684664e-13
2636 1.9680097e-13
2637 1.9675532e-13
2638 1.9670985e-13
2639 1.9666457e-13
2640 1.9661941e-13
2641 1.965745e-13
2642 1.9652988e-13
2643 1.964855e-13
2644 1.9644142e-13
2645 1.963977e-13
2646 1.9635434e-13
2647 1.9631131e-13
2648 1.9626876e-13
2649 1.9622661e-13
2650 1.9618493e-13
2651 1.9614376e-13
2652 1.9610312e-13
2653 1.9606299e-13
2654 1.9602349e-13
2655 1.9598456e-13
2656 1.9594626e-13
2657 1.9590864e-13
2658 1.9587165e-13
2659 1.9583538e-13
2660 1.9579985e-13
2661 1.9576511e-13
2662 1.9573109e-13
2663 1.9569787e-13
2664 1.9566548e-13
2665 1.9563395e-13
2666 1.9560329e-13
2667 1.9557352e-13
2668 1.9554466e-13
2669 1.9551678e-13
2670 1.9548979e-13
2671 1.954638e-13
2672 1.9543885e-13
2673 1.9541489e-13
2674 1.9539197e-13
2675 1.953701e-13
2676 1.9534932e-13
2677 1.953297e-13
2678 1.953111e-13
2679 1.9529371e-13
2680 1.9527739e-13
2681 1.9526233e-13
2682 1.9524841e-13
2683 1.9523568e-13
2684 1.9522418e-13
2685 1.9521392e-13
2686 1.952049e-13
2687 1.9519717e-13
2688 1.9519072e-13
2689 1.9518555e-13
2690 1.9518167e-13
2691 1.9517912e-13
2692 1.9517795e-13
2693 1.9517805e-13
2694 1.9517953e-13
2695 1.9518239e-13
2696 1.9518663e-13
2697 1.9519224e-13
2698 1.9519926e-13
2699 1.9520765e-13
2700 1.9521751e-13
2701 1.9522872e-13
2702 1.9524135e-13
2703 1.9525543e-13
2704 1.9527091e-13
2705 1.9528791e-13
2706 1.9530625e-13
2707 1.9532609e-13
2708 1.9534737e-13
2709 1.9537009e-13
2710 1.9539425e-13
2711 1.954199e-13
2712 1.9544698e-13
2713 1.9547548e-13
2714 1.9550547e-13
2715 1.9553693e-13
2716 1.9556981e-13
2717 1.9560416e-13
2718 1.9563992e-13
2719 1.9567714e-13
2720 1.9571578e-13
2721 1.9575587e-13
2722 1.9579736e-13
2723 1.958403e-13
2724 1.9588469e-13
2725 1.9593041e-13
2726 1.9597757e-13
2727 1.9602612e-13
2728 1.9607611e-13
2729 1.9612741e-13
2730 1.9618004e-13
2731 1.962341e-13
2732 1.9628947e-13
2733 1.9634614e-13
2734 1.9640419e-13
2735 1.9646348e-13
2736 1.9652408e-13
2737 1.9658598e-13
2738 1.9664912e-13
2739 1.967135e-13
2740 1.9677913e-13
2741 1.9684594e-13
2742 1.9691398e-13
2743 1.969832e-13
2744 1.9705353e-13
2745 1.9712499e-13
2746 1.9719761e-13
2747 1.972713e-13
2748 1.9734609e-13
2749 1.974219e-13
2750 1.9749874e-13
2751 1.9757659e-13
2752 1.9765545e-13
2753 1.9773529e-13
2754 1.9781602e-13
2755 1.9789768e-13
2756 1.9798024e-13
2757 1.9806366e-13
2758 1.9814787e-13
2759 1.9823289e-13
2760 1.9831874e-13
2761 1.984053e-13
2762 1.9849258e-13
2763 1.9858053e-13
2764 1.9866918e-13
2765 1.9875843e-13
2766 1.9884829e-13
2767 1.989387e-13
2768 1.9902966e-13
2769 1.9912111e-13
2770 1.99213e-13
2771 1.9930534e-13
2772 1.9939811e-13
2773 1.9949122e-13
2774 1.9958465e-13
2775 1.9967838e-13
2776 1.9977238e-13
2777 1.9986655e-13
2778 1.9996096e-13
2779 2.0005549e-13
2780 2.0015009e-13
2781 2.0024481e-13
2782 2.0033954e-13
2783 2.0043425e-13
2784 2.0052892e-13
2785 2.0062351e-13
2786 2.0071796e-13
2787 2.0081223e-13
2788 2.0090631e-13
2789 2.0100016e-13
2790 2.0109371e-13
2791 2.0118692e-13
2792 2.0127975e-13
2793 2.0137219e-13
2794 2.0146413e-13
2795 2.0155558e-13
2796 2.016465e-13
2797 2.0173682e-13
2798 2.0182655e-13
2799 2.0191554e-13
2800 2.0200384e-13
2801 2.0209141e-13
2802 2.0217813e-13
2803 2.0226402e-13
2804 2.0234897e-13
2805 2.0243305e-13
2806 2.0251614e-13
2807 2.0259819e-13
2808 2.0267921e-13
2809 2.027591e-13
2810 2.0283782e-13
2811 2.0291536e-13
2812 2.0299167e-13
2813 2.0306671e-13
2814 2.0314039e-13
2815 2.0321275e-13
2816 2.0328365e-13
2817 2.0335314e-13
2818 2.0342117e-13
2819 2.0348763e-13
2820 2.0355249e-13
2821 2.0361576e-13
2822 2.0367738e-13
2823 2.0373725e-13
2824 2.0379543e-13
2825 2.0385183e-13
2826 2.0390639e-13
2827 2.0395914e-13
2828 2.0400995e-13
2829 2.0405883e-13
2830 2.041057e-13
2831 2.041506e-13
2832 2.0419345e-13
2833 2.042342e-13
2834 2.0427284e-13
2835 2.0430928e-13
2836 2.0434354e-13
2837 2.0437562e-13
2838 2.0440537e-13
2839 2.0443289e-13
2840 2.0445804e-13
2841 2.0448082e-13
2842 2.0450125e-13
2843 2.0451922e-13
2844 2.0453479e-13
2845 2.0454783e-13
2846 2.0455842e-13
2847 2.0456643e-13
2848 2.0457192e-13
2849 2.0457479e-13
2850 2.0457509e-13
2851 2.0457273e-13
2852 2.0456771e-13
2853 2.0456001e-13
2854 2.0454962e-13
2855 2.0453649e-13
2856 2.0452063e-13
2857 2.04502e-13
2858 2.044806e-13
2859 2.0445635e-13
2860 2.0442934e-13
2861 2.0439949e-13
2862 2.0436675e-13
2863 2.0433117e-13
2864 2.0429272e-13
2865 2.0425136e-13
2866 2.0420713e-13
2867 2.0415999e-13
2868 2.041099e-13
2869 2.0405686e-13
2870 2.040009e-13
2871 2.03942e-13
2872 2.0388017e-13
2873 2.0381533e-13
2874 2.0374759e-13
2875 2.0367684e-13
2876 2.0360314e-13
2877 2.0352645e-13
2878 2.0344678e-13
2879 2.0336418e-13
2880 2.0327855e-13
2881 2.0319001e-13
2882 2.0309846e-13
2883 2.03004e-13
2884 2.0290656e-13
2885 2.0280612e-13
2886 2.027028e-13
2887 2.025965e-13
2888 2.0248728e-13
2889 2.0237515e-13
2890 2.0226006e-13
2891 2.0214212e-13
2892 2.0202127e-13
2893 2.0189753e-13
2894 2.0177096e-13
2895 2.016415e-13
2896 2.0150918e-13
2897 2.0137408e-13
2898 2.0123612e-13
2899 2.010954e-13
2900 2.0095193e-13
2901 2.0080566e-13
2902 2.0065665e-13
2903 2.005049e-13
2904 2.0035052e-13
2905 2.0019342e-13
2906 2.0003364e-13
2907 1.9987124e-13
2908 1.9970617e-13
2909 1.9953855e-13
2910 1.9936838e-13
2911 1.9919565e-13
2912 1.9902038e-13
2913 1.9884262e-13
2914 1.9866237e-13
2915 1.9847973e-13
2916 1.9829462e-13
2917 1.9810712e-13
2918 1.9791725e-13
2919 1.9772502e-13
2920 1.9753052e-13
2921 1.973337e-13
2922 1.9713468e-13
2923 1.9693341e-13
2924 1.9672993e-13
2925 1.9652425e-13
2926 1.9631647e-13
2927 1.961066e-13
2928 1.9589463e-13
2929 1.9568062e-13
2930 1.9546462e-13
2931 1.952466e-13
2932 1.9502663e-13
2933 1.9480479e-13
2934 1.9458102e-13
2935 1.9435542e-13
2936 1.94128e-13
2937 1.938988e-13
2938 1.9366782e-13
2939 1.9343513e-13
2940 1.9320072e-13
2941 1.9296469e-13
2942 1.9272704e-13
2943 1.9248778e-13
2944 1.9224699e-13
2945 1.9200465e-13
2946 1.917608e-13
2947 1.9151552e-13
2948 1.9126883e-13
2949 1.9102073e-13
2950 1.9077132e-13
2951 1.9052055e-13
2952 1.9026851e-13
2953 1.9001521e-13
2954 1.8976066e-13
2955 1.8950498e-13
2956 1.892481e-13
2957 1.8899016e-13
2958 1.8873105e-13
2959 1.8847097e-13
2960 1.8820983e-13
2961 1.8794772e-13
2962 1.8768064e-13
2963 1.8741278e-13
2964 1.8714233e-13
2965 1.8687123e-13
2966 1.8659829e-13
2967 1.8632477e-13
2968 1.8604984e-13
2969 1.8577448e-13
2970 1.8549794e-13
2971 1.8522106e-13
2972 1.8494332e-13
2973 1.8466529e-13
2974 1.8438655e-13
2975 1.8410764e-13
2976 1.8382821e-13
2977 1.8354866e-13
2978 1.8326872e-13
2979 1.8298876e-13
2980 1.8270859e-13
2981 1.8242845e-13
2982 1.8214818e-13
2983 1.8186803e-13
2984 1.8158785e-13
2985 1.8130788e-13
2986 1.8102801e-13
2987 1.8074839e-13
2988 1.8046896e-13
2989 1.8018983e-13
2990 1.7991103e-13
2991 1.7963256e-13
2992 1.7935451e-13
2993 1.7907688e-13
2994 1.7879972e-13
2995 1.7852307e-13
2996 1.7824692e-13
2997 1.7797138e-13
2998 1.7769638e-13
2999 1.7742206e-13
3000 1.7714843e-13
