# Fiducial parameters: cosmomc_theta = 0.0104092, logA = 3.044, ombh2 = 0.02237, omch2 = 0.12, ns = 0.9649, tau = 0.0544, h = 0.6733981423479604, lens_potential_accuracy = 8, lens_margin = 2050, AccuracyBoost = 2.0, lSampleBoost = 2.0, lAccuracyBoost = 2.0, kmax = 10, k_per_logint = 130, nonlinear = True, DoLateRadTruncation = False
30 1.7591476e-10
31 1.65135e-10
32 1.5527639e-10
33 1.4623088e-10
34 1.3790584e-10
35 1.302366e-10
36 1.2314805e-10
37 1.1659043e-10
38 1.105033e-10
39 1.0485291e-10
40 9.9598591e-11
41 9.4700464e-11
42 9.0127872e-11
43 8.5854394e-11
44 8.185757e-11
45 7.8113552e-11
46 7.4597979e-11
47 7.1290251e-11
48 6.8189628e-11
49 6.5268793e-11
50 6.2510618e-11
51 5.9914756e-11
52 5.7469339e-11
53 5.5152835e-11
54 5.2962706e-11
55 5.0890255e-11
56 4.8924609e-11
57 4.7058991e-11
58 4.5291699e-11
59 4.3607189e-11
60 4.2012161e-11
61 4.0490765e-11
62 3.9044756e-11
63 3.7672633e-11
64 3.6360699e-11
65 3.5108984e-11
66 3.3914561e-11
67 3.2776315e-11
68 3.1686126e-11
69 3.0644946e-11
70 2.9648598e-11
71 2.8696484e-11
72 2.7786774e-11
73 2.6916525e-11
74 2.6080584e-11
75 2.5277949e-11
76 2.4509267e-11
77 2.3772447e-11
78 2.3063698e-11
79 2.2382664e-11
80 2.1728572e-11
81 2.1098267e-11
82 2.0494502e-11
83 1.9911947e-11
84 1.9353797e-11
85 1.8815275e-11
86 1.8295917e-11
87 1.7796277e-11
88 1.731457e-11
89 1.6849583e-11
90 1.6401371e-11
91 1.5968933e-11
92 1.5553768e-11
93 1.5150055e-11
94 1.4760307e-11
95 1.4385343e-11
96 1.4023807e-11
97 1.3673819e-11
98 1.3335027e-11
99 1.3007592e-11
100 1.2689852e-11
101 1.2383308e-11
102 1.208618e-11
103 1.1797683e-11
104 1.1520929e-11
105 1.1252106e-11
106 1.098975e-11
107 1.0736763e-11
108 1.0491113e-11
109 1.0253828e-11
110 1.002337e-11
111 9.7993448e-12
112 9.5826127e-12
113 9.3719689e-12
114 9.1676614e-12
115 8.9695953e-12
116 8.7766324e-12
117 8.5891235e-12
118 8.4077107e-12
119 8.2317948e-12
120 8.0598256e-12
121 7.8923201e-12
122 7.7299776e-12
123 7.572018e-12
124 7.4192075e-12
125 7.2702308e-12
126 7.1253908e-12
127 6.9842418e-12
128 6.8467272e-12
129 6.7124702e-12
130 6.5816688e-12
131 6.4541747e-12
132 6.3311614e-12
133 6.2106548e-12
134 6.0934908e-12
135 5.9794607e-12
136 5.867559e-12
137 5.7592588e-12
138 5.6535728e-12
139 5.5505703e-12
140 5.4504365e-12
141 5.3524367e-12
142 5.2567264e-12
143 5.1629351e-12
144 5.0715143e-12
145 4.9824307e-12
146 4.8955238e-12
147 4.8104764e-12
148 4.7276971e-12
149 4.6470449e-12
150 4.5680525e-12
151 4.491117e-12
152 4.4155237e-12
153 4.3419486e-12
154 4.2698018e-12
155 4.1993652e-12
156 4.1306431e-12
157 4.0635107e-12
158 3.9976714e-12
159 3.9332823e-12
160 3.8704581e-12
161 3.8091309e-12
162 3.7492389e-12
163 3.690968e-12
164 3.6331304e-12
165 3.5770825e-12
166 3.5220507e-12
167 3.4681941e-12
168 3.4152768e-12
169 3.3637558e-12
170 3.3130882e-12
171 3.263327e-12
172 3.214903e-12
173 3.1673356e-12
174 3.1208978e-12
175 3.0753962e-12
176 3.0307152e-12
177 2.9870641e-12
178 2.9439998e-12
179 2.901935e-12
180 2.8608243e-12
181 2.8203347e-12
182 2.7807961e-12
183 2.7418039e-12
184 2.7038825e-12
185 2.6663953e-12
186 2.6297817e-12
187 2.5940179e-12
188 2.5590461e-12
189 2.5246887e-12
190 2.4909138e-12
191 2.4576214e-12
192 2.4249838e-12
193 2.3929132e-12
194 2.3614044e-12
195 2.3305891e-12
196 2.3003932e-12
197 2.2706226e-12
198 2.241587e-12
199 2.2128898e-12
200 2.1846967e-12
201 2.1570116e-12
202 2.1298387e-12
203 2.1031342e-12
204 2.0769235e-12
205 2.0511906e-12
206 2.0259147e-12
207 2.001081e-12
208 1.976701e-12
209 1.952588e-12
210 1.9289129e-12
211 1.9056161e-12
212 1.8827665e-12
213 1.8603364e-12
214 1.838311e-12
215 1.8167671e-12
216 1.7954282e-12
217 1.7745052e-12
218 1.753883e-12
219 1.73371e-12
220 1.7136781e-12
221 1.6941828e-12
222 1.674887e-12
223 1.6558837e-12
224 1.6371295e-12
225 1.6186445e-12
226 1.6004835e-12
227 1.5826627e-12
228 1.5650921e-12
229 1.5479006e-12
230 1.5309221e-12
231 1.5142214e-12
232 1.4977911e-12
233 1.4815175e-12
234 1.4655391e-12
235 1.4498276e-12
236 1.4342684e-12
237 1.4189991e-12
238 1.4039704e-12
239 1.3891591e-12
240 1.3745728e-12
241 1.3601111e-12
242 1.3459993e-12
243 1.3320234e-12
244 1.3182121e-12
245 1.3046874e-12
246 1.291345e-12
247 1.2782448e-12
248 1.2652494e-12
249 1.2524762e-12
250 1.2398399e-12
251 1.2273918e-12
252 1.2151047e-12
253 1.2030366e-12
254 1.1910852e-12
255 1.179401e-12
256 1.1678557e-12
257 1.1564045e-12
258 1.1450918e-12
259 1.1338869e-12
260 1.1229025e-12
261 1.1120623e-12
262 1.1013715e-12
263 1.0908678e-12
264 1.0804478e-12
265 1.0702454e-12
266 1.0601123e-12
267 1.0501373e-12
268 1.040299e-12
269 1.0305761e-12
270 1.0209318e-12
271 1.011445e-12
272 1.0021334e-12
273 9.9288105e-13
274 9.8373178e-13
275 9.7475533e-13
276 9.6586302e-13
277 9.570667e-13
278 9.4841263e-13
279 9.3983127e-13
280 9.3135948e-13
281 9.2305007e-13
282 9.1481918e-13
283 9.0666303e-13
284 8.9866711e-13
285 8.9071766e-13
286 8.8291608e-13
287 8.7519593e-13
288 8.6758238e-13
289 8.6001881e-13
290 8.5256841e-13
291 8.4521331e-13
292 8.37945e-13
293 8.3069178e-13
294 8.2360228e-13
295 8.1659862e-13
296 8.096413e-13
297 8.0277595e-13
298 7.9593506e-13
299 7.8927636e-13
300 7.8266581e-13
301 7.7611666e-13
302 7.6966357e-13
303 7.6330629e-13
304 7.5699619e-13
305 7.5075116e-13
306 7.4454831e-13
307 7.3845304e-13
308 7.3243913e-13
309 7.264703e-13
310 7.2059877e-13
311 7.1475748e-13
312 7.0898286e-13
313 7.0329616e-13
314 6.9767109e-13
315 6.9210115e-13
316 6.8657212e-13
317 6.8113072e-13
318 6.7573405e-13
319 6.7040552e-13
320 6.6513027e-13
321 6.5990622e-13
322 6.5477947e-13
323 6.4969968e-13
324 6.4469196e-13
325 6.3971639e-13
326 6.3480779e-13
327 6.2993945e-13
328 6.251003e-13
329 6.2033303e-13
330 6.1562708e-13
331 6.1094773e-13
332 6.0633004e-13
333 6.0177147e-13
334 5.972537e-13
335 5.9277941e-13
336 5.8835135e-13
337 5.8396671e-13
338 5.796405e-13
339 5.7535581e-13
340 5.7113e-13
341 5.6691557e-13
342 5.6276887e-13
343 5.5868803e-13
344 5.5461194e-13
345 5.5058023e-13
346 5.4658361e-13
347 5.4262608e-13
348 5.3872576e-13
349 5.348688e-13
350 5.3106184e-13
351 5.2728971e-13
352 5.2351871e-13
353 5.1983281e-13
354 5.1615604e-13
355 5.1253105e-13
356 5.0891503e-13
357 5.0536693e-13
358 5.0181855e-13
359 4.9832751e-13
360 4.9486777e-13
361 4.9145983e-13
362 4.880565e-13
363 4.8470645e-13
364 4.8138896e-13
365 4.7810924e-13
366 4.7484173e-13
367 4.7161802e-13
368 4.6841825e-13
369 4.6525391e-13
370 4.6212777e-13
371 4.5903401e-13
372 4.5594713e-13
373 4.5290755e-13
374 4.498907e-13
375 4.4690042e-13
376 4.4395027e-13
377 4.4102541e-13
378 4.3812562e-13
379 4.3524614e-13
380 4.3239677e-13
381 4.2957103e-13
382 4.2678287e-13
383 4.2399733e-13
384 4.2124821e-13
385 4.1852182e-13
386 4.158162e-13
387 4.1314294e-13
388 4.1051383e-13
389 4.0790472e-13
390 4.0531894e-13
391 4.0274814e-13
392 4.0019133e-13
393 3.9766401e-13
394 3.9516066e-13
395 3.9268851e-13
396 3.902334e-13
397 3.8778064e-13
398 3.8535948e-13
399 3.8296851e-13
400 3.8060069e-13
401 3.782461e-13
402 3.7592112e-13
403 3.7361603e-13
404 3.7133078e-13
405 3.690518e-13
406 3.6680816e-13
407 3.6457712e-13
408 3.6235377e-13
409 3.6016519e-13
410 3.5800989e-13
411 3.5585315e-13
412 3.537278e-13
413 3.5161131e-13
414 3.4951179e-13
415 3.4742557e-13
416 3.453623e-13
417 3.4332236e-13
418 3.4130163e-13
419 3.3929655e-13
420 3.3729769e-13
421 3.3532528e-13
422 3.3338049e-13
423 3.3143825e-13
424 3.2951608e-13
425 3.27598e-13
426 3.2571702e-13
427 3.2383303e-13
428 3.219788e-13
429 3.2011658e-13
430 3.1828671e-13
431 3.1647936e-13
432 3.1469038e-13
433 3.1291223e-13
434 3.1114549e-13
435 3.0940068e-13
436 3.076543e-13
437 3.0593224e-13
438 3.0422463e-13
439 3.0253171e-13
440 3.0084458e-13
441 2.9918004e-13
442 2.9752186e-13
443 2.9587808e-13
444 2.9425215e-13
445 2.9263143e-13
446 2.9103491e-13
447 2.8945232e-13
448 2.8788673e-13
449 2.8632715e-13
450 2.8477195e-13
451 2.8323716e-13
452 2.8171232e-13
453 2.8019397e-13
454 2.7870079e-13
455 2.7721828e-13
456 2.7574607e-13
457 2.7428298e-13
458 2.7282804e-13
459 2.7138642e-13
460 2.6995751e-13
461 2.6853985e-13
462 2.6713509e-13
463 2.6573893e-13
464 2.6435808e-13
465 2.6298648e-13
466 2.6161753e-13
467 2.6026549e-13
468 2.5891938e-13
469 2.5758622e-13
470 2.5626789e-13
471 2.5496197e-13
472 2.5367493e-13
473 2.5239043e-13
474 2.5110715e-13
475 2.4983933e-13
476 2.4858342e-13
477 2.4733269e-13
478 2.4609418e-13
479 2.4487288e-13
480 2.4365296e-13
481 2.4244396e-13
482 2.4124646e-13
483 2.40053e-13
484 2.388714e-13
485 2.3770135e-13
486 2.365312e-13
487 2.3537517e-13
488 2.342324e-13
489 2.3309841e-13
490 2.3197461e-13
491 2.3084558e-13
492 2.297323e-13
493 2.2862946e-13
494 2.2753516e-13
495 2.2644681e-13
496 2.2536757e-13
497 2.2430065e-13
498 2.2323823e-13
499 2.2218725e-13
500 2.2113204e-13
501 2.2009522e-13
502 2.1906416e-13
503 2.1803982e-13
504 2.1702904e-13
505 2.1601645e-13
506 2.1502035e-13
507 2.140251e-13
508 2.1303977e-13
509 2.1205505e-13
510 2.1107937e-13
511 2.1011247e-13
512 2.0915201e-13
513 2.0820254e-13
514 2.0725847e-13
515 2.0632154e-13
516 2.053941e-13
517 2.0447278e-13
518 2.035481e-13
519 2.0263891e-13
520 2.0173603e-13
521 2.0083652e-13
522 1.9995341e-13
523 1.9906335e-13
524 1.9818396e-13
525 1.973143e-13
526 1.9644826e-13
527 1.9559187e-13
528 1.9473643e-13
529 1.9389445e-13
530 1.9304738e-13
531 1.9221184e-13
532 1.9138887e-13
533 1.9056005e-13
534 1.8974482e-13
535 1.8893313e-13
536 1.881263e-13
537 1.8732437e-13
538 1.8653346e-13
539 1.8574312e-13
540 1.8496102e-13
541 1.8418162e-13
542 1.8340666e-13
543 1.8263622e-13
544 1.8187352e-13
545 1.8111458e-13
546 1.8036113e-13
547 1.7960798e-13
548 1.7886285e-13
549 1.7812272e-13
550 1.773921e-13
551 1.7666172e-13
552 1.7594359e-13
553 1.7522237e-13
554 1.7450788e-13
555 1.7379527e-13
556 1.7309122e-13
557 1.723929e-13
558 1.7169525e-13
559 1.7100509e-13
560 1.7032005e-13
561 1.6963877e-13
562 1.6896064e-13
563 1.6828621e-13
564 1.6761994e-13
565 1.6695305e-13
566 1.6629062e-13
567 1.6563762e-13
568 1.6498321e-13
569 1.6433959e-13
570 1.6369506e-13
571 1.6305078e-13
572 1.6241738e-13
573 1.6179039e-13
574 1.6115891e-13
575 1.6053448e-13
576 1.5991731e-13
577 1.5929986e-13
578 1.5868773e-13
579 1.5808215e-13
580 1.574769e-13
581 1.5687599e-13
582 1.5627963e-13
583 1.5568627e-13
584 1.5509733e-13
585 1.5451197e-13
586 1.5393159e-13
587 1.5335303e-13
588 1.527822e-13
589 1.5220838e-13
590 1.5164396e-13
591 1.5107786e-13
592 1.5051473e-13
593 1.4995731e-13
594 1.4940238e-13
595 1.4885356e-13
596 1.4830854e-13
597 1.4776239e-13
598 1.4722173e-13
599 1.4667986e-13
600 1.461443e-13
601 1.4561149e-13
602 1.4508227e-13
603 1.4455795e-13
604 1.4403457e-13
605 1.4351549e-13
606 1.4299836e-13
607 1.4248487e-13
608 1.4197349e-13
609 1.4146691e-13
610 1.4096036e-13
611 1.4045752e-13
612 1.3995666e-13
613 1.394615e-13
614 1.3897213e-13
615 1.3848168e-13
616 1.3799551e-13
617 1.3751083e-13
618 1.3702898e-13
619 1.3654616e-13
620 1.3606661e-13
621 1.3559228e-13
622 1.3512112e-13
623 1.3465222e-13
624 1.3418471e-13
625 1.3372187e-13
626 1.3325975e-13
627 1.3280077e-13
628 1.3234618e-13
629 1.3189291e-13
630 1.314439e-13
631 1.3099669e-13
632 1.3054929e-13
633 1.3010437e-13
634 1.2966161e-13
635 1.2922236e-13
636 1.2878685e-13
637 1.2835368e-13
638 1.2792207e-13
639 1.2749033e-13
640 1.2706238e-13
641 1.266383e-13
642 1.2621729e-13
643 1.2579657e-13
644 1.25377e-13
645 1.2496239e-13
646 1.2454968e-13
647 1.2413637e-13
648 1.2372811e-13
649 1.2332059e-13
650 1.2291382e-13
651 1.2251193e-13
652 1.2211101e-13
653 1.217118e-13
654 1.2131522e-13
655 1.209185e-13
656 1.2052846e-13
657 1.2013727e-13
658 1.1974857e-13
659 1.1936357e-13
660 1.1897812e-13
661 1.1859628e-13
662 1.1821569e-13
663 1.1783562e-13
664 1.1745775e-13
665 1.1708258e-13
666 1.1670867e-13
667 1.1633914e-13
668 1.1597072e-13
669 1.1560471e-13
670 1.1524057e-13
671 1.1487704e-13
672 1.1451578e-13
673 1.1415605e-13
674 1.1379931e-13
675 1.1344078e-13
676 1.1308762e-13
677 1.127359e-13
678 1.1238348e-13
679 1.1203381e-13
680 1.1168582e-13
681 1.1133898e-13
682 1.1099479e-13
683 1.1065157e-13
684 1.1031224e-13
685 1.0997174e-13
686 1.0963395e-13
687 1.0929744e-13
688 1.0896377e-13
689 1.0863038e-13
690 1.0829975e-13
691 1.0797037e-13
692 1.0764273e-13
693 1.0731563e-13
694 1.0699103e-13
695 1.0666729e-13
696 1.0634443e-13
697 1.0602441e-13
698 1.057051e-13
699 1.0538943e-13
700 1.0507456e-13
701 1.0476048e-13
702 1.0444691e-13
703 1.0413612e-13
704 1.0382541e-13
705 1.035174e-13
706 1.0321123e-13
707 1.0290541e-13
708 1.0260133e-13
709 1.0229955e-13
710 1.0199783e-13
711 1.0169732e-13
712 1.0140002e-13
713 1.0110264e-13
714 1.0080555e-13
715 1.0051019e-13
716 1.0021709e-13
717 9.9925008e-14
718 9.9634269e-14
719 9.9344687e-14
720 9.9057994e-14
721 9.8771921e-14
722 9.8486254e-14
723 9.8203547e-14
724 9.7919511e-14
725 9.7638139e-14
726 9.7359375e-14
727 9.7080243e-14
728 9.6802972e-14
729 9.6527493e-14
730 9.625249e-14
731 9.5980774e-14
732 9.5709822e-14
733 9.5439732e-14
734 9.5170359e-14
735 9.4900969e-14
736 9.4635681e-14
737 9.4369872e-14
738 9.4104564e-14
739 9.3842433e-14
740 9.3579832e-14
741 9.3318539e-14
742 9.3059051e-14
743 9.2800216e-14
744 9.254279e-14
745 9.2286127e-14
746 9.2030159e-14
747 9.1776784e-14
748 9.152467e-14
749 9.1273135e-14
750 9.1021646e-14
751 9.0772473e-14
752 9.0522779e-14
753 9.0274685e-14
754 9.002766e-14
755 8.9782297e-14
756 8.9538186e-14
757 8.9294288e-14
758 8.9052742e-14
759 8.881219e-14
760 8.8572e-14
761 8.8331944e-14
762 8.809463e-14
763 8.7857129e-14
764 8.7621034e-14
765 8.7385495e-14
766 8.7152641e-14
767 8.692101e-14
768 8.6689497e-14
769 8.645871e-14
770 8.622992e-14
771 8.6001621e-14
772 8.5773409e-14
773 8.5546657e-14
774 8.5321135e-14
775 8.5095662e-14
776 8.4872609e-14
777 8.4651237e-14
778 8.4429972e-14
779 8.4210371e-14
780 8.3990739e-14
781 8.3772476e-14
782 8.3554466e-14
783 8.3336616e-14
784 8.312072e-14
785 8.2905259e-14
786 8.2692005e-14
787 8.2479073e-14
788 8.2267221e-14
789 8.2056032e-14
790 8.1845847e-14
791 8.1635847e-14
792 8.1427353e-14
793 8.1219584e-14
794 8.1013709e-14
795 8.0808337e-14
796 8.0603547e-14
797 8.0400821e-14
798 8.0197731e-14
799 7.9996066e-14
800 7.9795683e-14
801 7.959589e-14
802 7.9397009e-14
803 7.9199683e-14
804 7.9002e-14
805 7.8805572e-14
806 7.8609758e-14
807 7.8415818e-14
808 7.8221873e-14
809 7.8028975e-14
810 7.7837794e-14
811 7.7647359e-14
812 7.7456329e-14
813 7.7268018e-14
814 7.7079974e-14
815 7.6892569e-14
816 7.6704792e-14
817 7.6517413e-14
818 7.6333119e-14
819 7.6147882e-14
820 7.5963754e-14
821 7.5780672e-14
822 7.5600163e-14
823 7.5418363e-14
824 7.5237616e-14
825 7.5056922e-14
826 7.4877833e-14
827 7.4699226e-14
828 7.4521046e-14
829 7.4343809e-14
830 7.4166997e-14
831 7.3991946e-14
832 7.3817024e-14
833 7.3643195e-14
834 7.3470757e-14
835 7.3297936e-14
836 7.312633e-14
837 7.2954846e-14
838 7.2784871e-14
839 7.2615176e-14
840 7.244601e-14
841 7.2277896e-14
842 7.2110248e-14
843 7.1943828e-14
844 7.1777731e-14
845 7.1612442e-14
846 7.1447208e-14
847 7.1283259e-14
848 7.1118877e-14
849 7.0955747e-14
850 7.07938e-14
851 7.0632089e-14
852 7.0471832e-14
853 7.0311746e-14
854 7.0153023e-14
855 6.9994571e-14
856 6.9837105e-14
857 6.9680106e-14
858 6.952314e-14
859 6.9366946e-14
860 6.9211466e-14
861 6.9057504e-14
862 6.8903537e-14
863 6.874952e-14
864 6.859651e-14
865 6.8443813e-14
866 6.8291862e-14
867 6.8140666e-14
868 6.7989909e-14
869 6.7839827e-14
870 6.769059e-14
871 6.7541101e-14
872 6.7393608e-14
873 6.7244844e-14
874 6.709899e-14
875 6.6952637e-14
876 6.6806837e-14
877 6.6661345e-14
878 6.6517009e-14
879 6.6373656e-14
880 6.6229109e-14
881 6.6086191e-14
882 6.5943665e-14
883 6.5802581e-14
884 6.5660731e-14
885 6.5520154e-14
886 6.5380023e-14
887 6.5240513e-14
888 6.5101621e-14
889 6.4963026e-14
890 6.4824639e-14
891 6.4687285e-14
892 6.4549801e-14
893 6.4413536e-14
894 6.4277181e-14
895 6.4141904e-14
896 6.4006727e-14
897 6.387179e-14
898 6.3737782e-14
899 6.3603939e-14
900 6.347136e-14
901 6.333872e-14
902 6.3206648e-14
903 6.3075069e-14
904 6.2943629e-14
905 6.2812804e-14
906 6.2682658e-14
907 6.2552805e-14
908 6.242387e-14
909 6.2294312e-14
910 6.2165191e-14
911 6.2037183e-14
912 6.1909992e-14
913 6.1782733e-14
914 6.1655586e-14
915 6.1528968e-14
916 6.1402725e-14
917 6.1276938e-14
918 6.1151162e-14
919 6.1025956e-14
920 6.09017e-14
921 6.0777566e-14
922 6.0653854e-14
923 6.0530441e-14
924 6.0407662e-14
925 6.0285449e-14
926 6.0163236e-14
927 6.0042031e-14
928 5.992036e-14
929 5.9799748e-14
930 5.9679667e-14
931 5.9559977e-14
932 5.9440338e-14
933 5.9320937e-14
934 5.9202604e-14
935 5.9084186e-14
936 5.896645e-14
937 5.8848401e-14
938 5.8730787e-14
939 5.8614036e-14
940 5.8496918e-14
941 5.8380579e-14
942 5.8264885e-14
943 5.8149244e-14
944 5.8034063e-14
945 5.7919457e-14
946 5.7805229e-14
947 5.7691125e-14
948 5.7577232e-14
949 5.7464533e-14
950 5.7351839e-14
951 5.7239175e-14
952 5.7127122e-14
953 5.7014626e-14
954 5.6903134e-14
955 5.6791847e-14
956 5.6680793e-14
957 5.6569972e-14
958 5.6459504e-14
959 5.634973e-14
960 5.6239927e-14
961 5.6130455e-14
962 5.6021276e-14
963 5.5912643e-14
964 5.5803711e-14
965 5.5695926e-14
966 5.5588141e-14
967 5.5481258e-14
968 5.537427e-14
969 5.5267581e-14
970 5.5161073e-14
971 5.5055039e-14
972 5.4949379e-14
973 5.4843946e-14
974 5.4738606e-14
975 5.463412e-14
976 5.4529288e-14
977 5.4424682e-14
978 5.4320823e-14
979 5.4217215e-14
980 5.4114091e-14
981 5.4010691e-14
982 5.3907683e-14
983 5.3805109e-14
984 5.3702652e-14
985 5.3600893e-14
986 5.3499465e-14
987 5.3398092e-14
988 5.3296971e-14
989 5.3195629e-14
990 5.3095186e-14
991 5.2995082e-14
992 5.2894468e-14
993 5.2794575e-14
994 5.2695384e-14
995 5.2596391e-14
996 5.2497733e-14
997 5.2399123e-14
998 5.2300265e-14
999 5.2201803e-14
1000 5.2103657e-14
1001 5.2005841e-14
1002 5.190812e-14
1003 5.1810613e-14
1004 5.1713575e-14
1005 5.1616981e-14
1006 5.1520549e-14
1007 5.1424483e-14
1008 5.1328124e-14
1009 5.1232155e-14
1010 5.1136777e-14
1011 5.1041579e-14
1012 5.0946271e-14
1013 5.0851815e-14
1014 5.0757575e-14
1015 5.0663439e-14
1016 5.0569671e-14
1017 5.0476071e-14
1018 5.0382866e-14
1019 5.0290037e-14
1020 5.0197144e-14
1021 5.0104765e-14
1022 5.0012346e-14
1023 4.9920358e-14
1024 4.9828374e-14
1025 4.9736588e-14
1026 4.964517e-14
1027 4.9554283e-14
1028 4.9463361e-14
1029 4.9372554e-14
1030 4.928174e-14
1031 4.9191442e-14
1032 4.9101177e-14
1033 4.9011316e-14
1034 4.8921739e-14
1035 4.8832301e-14
1036 4.874342e-14
1037 4.8654637e-14
1038 4.8566058e-14
1039 4.847758e-14
1040 4.8389597e-14
1041 4.8302022e-14
1042 4.8214238e-14
1043 4.812695e-14
1044 4.8039824e-14
1045 4.795271e-14
1046 4.7866298e-14
1047 4.7780047e-14
1048 4.7693821e-14
1049 4.7608365e-14
1050 4.7522374e-14
1051 4.7436807e-14
1052 4.7351758e-14
1053 4.7266709e-14
1054 4.7181726e-14
1055 4.7097123e-14
1056 4.7013008e-14
1057 4.6928655e-14
1058 4.6844633e-14
1059 4.6761108e-14
1060 4.6678091e-14
1061 4.6594956e-14
1062 4.6512006e-14
1063 4.6429417e-14
1064 4.6347165e-14
1065 4.626507e-14
1066 4.6183241e-14
1067 4.6101279e-14
1068 4.6019652e-14
1069 4.5938071e-14
1070 4.585718e-14
1071 4.5776254e-14
1072 4.5695705e-14
1073 4.5615212e-14
1074 4.553505e-14
1075 4.5455172e-14
1076 4.5375362e-14
1077 4.529559e-14
1078 4.5216191e-14
1079 4.5136885e-14
1080 4.5058063e-14
1081 4.4979389e-14
1082 4.4900853e-14
1083 4.4822643e-14
1084 4.4744492e-14
1085 4.4666655e-14
1086 4.458911e-14
1087 4.4511723e-14
1088 4.4434246e-14
1089 4.4357364e-14
1090 4.4280685e-14
1091 4.4204174e-14
1092 4.4127791e-14
1093 4.405178e-14
1094 4.3976217e-14
1095 4.3900724e-14
1096 4.382538e-14
1097 4.3749963e-14
1098 4.3674946e-14
1099 4.3599911e-14
1100 4.352535e-14
1101 4.3451103e-14
1102 4.3376671e-14
1103 4.3302803e-14
1104 4.322902e-14
1105 4.3155427e-14
1106 4.3082156e-14
1107 4.3009195e-14
1108 4.2936229e-14
1109 4.2863471e-14
1110 4.2791125e-14
1111 4.2719216e-14
1112 4.2647152e-14
1113 4.2575523e-14
1114 4.250441e-14
1115 4.2432952e-14
1116 4.2361692e-14
1117 4.2291101e-14
1118 4.2220356e-14
1119 4.2149867e-14
1120 4.2079424e-14
1121 4.2009214e-14
1122 4.1939209e-14
1123 4.1869358e-14
1124 4.1799691e-14
1125 4.1730534e-14
1126 4.1661309e-14
1127 4.1592524e-14
1128 4.1524168e-14
1129 4.1455667e-14
1130 4.1387157e-14
1131 4.1319141e-14
1132 4.1251087e-14
1133 4.1183428e-14
1134 4.1116013e-14
1135 4.1048831e-14
1136 4.0981984e-14
1137 4.0915304e-14
1138 4.0848438e-14
1139 4.0782089e-14
1140 4.0716024e-14
1141 4.064997e-14
1142 4.058447e-14
1143 4.0518933e-14
1144 4.0453162e-14
1145 4.0388159e-14
1146 4.0322912e-14
1147 4.0258025e-14
1148 4.0193649e-14
1149 4.0129431e-14
1150 4.0065113e-14
1151 4.0001071e-14
1152 3.9937398e-14
1153 3.9873557e-14
1154 3.9810093e-14
1155 3.9746663e-14
1156 3.9683345e-14
1157 3.9620497e-14
1158 3.955795e-14
1159 3.9495443e-14
1160 3.9433183e-14
1161 3.9371135e-14
1162 3.9309246e-14
1163 3.9247534e-14
1164 3.918597e-14
1165 3.9124495e-14
1166 3.9063043e-14
1167 3.9001916e-14
1168 3.8941021e-14
1169 3.8880196e-14
1170 3.88195e-14
1171 3.8759092e-14
1172 3.8698644e-14
1173 3.8638359e-14
1174 3.8578348e-14
1175 3.8518636e-14
1176 3.8458984e-14
1177 3.8399822e-14
1178 3.8340595e-14
1179 3.8281482e-14
1180 3.8222564e-14
1181 3.8163863e-14
1182 3.8105428e-14
1183 3.8047342e-14
1184 3.7988805e-14
1185 3.7930549e-14
1186 3.7872568e-14
1187 3.7814957e-14
1188 3.7757366e-14
1189 3.7699936e-14
1190 3.7642683e-14
1191 3.758584e-14
1192 3.7528693e-14
1193 3.7471823e-14
1194 3.7415094e-14
1195 3.7358622e-14
1196 3.7302243e-14
1197 3.7245566e-14
1198 3.7189618e-14
1199 3.7133549e-14
1200 3.7077965e-14
1201 3.7022243e-14
1202 3.6966814e-14
1203 3.6911278e-14
1204 3.6856221e-14
1205 3.6801219e-14
1206 3.6746446e-14
1207 3.6691661e-14
1208 3.6637048e-14
1209 3.658269e-14
1210 3.6528341e-14
1211 3.6474155e-14
1212 3.6420087e-14
1213 3.6366032e-14
1214 3.6312264e-14
1215 3.6258684e-14
1216 3.6205e-14
1217 3.6151556e-14
1218 3.6098239e-14
1219 3.604507e-14
1220 3.5992076e-14
1221 3.593916e-14
1222 3.5886465e-14
1223 3.5833817e-14
1224 3.5781248e-14
1225 3.5728808e-14
1226 3.5676764e-14
1227 3.5624601e-14
1228 3.5572591e-14
1229 3.5520666e-14
1230 3.5468816e-14
1231 3.5416965e-14
1232 3.5365398e-14
1233 3.531407e-14
1234 3.5262684e-14
1235 3.5211521e-14
1236 3.5160486e-14
1237 3.5109555e-14
1238 3.505879e-14
1239 3.5008149e-14
1240 3.4957488e-14
1241 3.4907173e-14
1242 3.4856964e-14
1243 3.4806869e-14
1244 3.4757e-14
1245 3.4707035e-14
1246 3.4657024e-14
1247 3.460699e-14
1248 3.455726e-14
1249 3.4507653e-14
1250 3.4458241e-14
1251 3.4408831e-14
1252 3.4359359e-14
1253 3.4310211e-14
1254 3.4261181e-14
1255 3.4212179e-14
1256 3.4163121e-14
1257 3.4114566e-14
1258 3.4065954e-14
1259 3.4017374e-14
1260 3.396875e-14
1261 3.3920419e-14
1262 3.3872213e-14
1263 3.3824008e-14
1264 3.3776121e-14
1265 3.3728002e-14
1266 3.368008e-14
1267 3.3632352e-14
1268 3.358477e-14
1269 3.3537153e-14
1270 3.3489571e-14
1271 3.3442055e-14
1272 3.3394511e-14
1273 3.3347271e-14
1274 3.3300114e-14
1275 3.3253045e-14
1276 3.3206104e-14
1277 3.3159293e-14
1278 3.3112543e-14
1279 3.3065656e-14
1280 3.3019191e-14
1281 3.2972533e-14
1282 3.2926087e-14
1283 3.2879665e-14
1284 3.2833475e-14
1285 3.2787267e-14
1286 3.27411e-14
1287 3.2695121e-14
1288 3.2649266e-14
1289 3.2603396e-14
1290 3.255755e-14
1291 3.2511948e-14
1292 3.2466297e-14
1293 3.2420767e-14
1294 3.2375241e-14
1295 3.2329899e-14
1296 3.2284629e-14
1297 3.2239454e-14
1298 3.219441e-14
1299 3.2149345e-14
1300 3.2104427e-14
1301 3.2059499e-14
1302 3.2014661e-14
1303 3.1969859e-14
1304 3.1925236e-14
1305 3.1880694e-14
1306 3.1836094e-14
1307 3.1791619e-14
1308 3.1747348e-14
1309 3.1702957e-14
1310 3.1658725e-14
1311 3.1614711e-14
1312 3.1570677e-14
1313 3.1526684e-14
1314 3.1482788e-14
1315 3.1439046e-14
1316 3.1395433e-14
1317 3.1351686e-14
1318 3.1308132e-14
1319 3.1264661e-14
1320 3.122123e-14
1321 3.1177877e-14
1322 3.1134807e-14
1323 3.1091631e-14
1324 3.1048569e-14
1325 3.1005483e-14
1326 3.0962433e-14
1327 3.091955e-14
1328 3.0876828e-14
1329 3.0834051e-14
1330 3.079132e-14
1331 3.0748748e-14
1332 3.0706159e-14
1333 3.0663622e-14
1334 3.062127e-14
1335 3.057888e-14
1336 3.053666e-14
1337 3.0494624e-14
1338 3.0452576e-14
1339 3.0410527e-14
1340 3.0368575e-14
1341 3.0326526e-14
1342 3.0284684e-14
1343 3.024291e-14
1344 3.0201236e-14
1345 3.0159745e-14
1346 3.0118358e-14
1347 3.0076957e-14
1348 3.0035427e-14
1349 2.9994197e-14
1350 2.9952999e-14
1351 2.9911905e-14
1352 2.9870818e-14
1353 2.9829837e-14
1354 2.978896e-14
1355 2.9748209e-14
1356 2.9707518e-14
1357 2.9666834e-14
1358 2.9626144e-14
1359 2.9585675e-14
1360 2.9545161e-14
1361 2.9504714e-14
1362 2.9464414e-14
1363 2.9424144e-14
1364 2.9383954e-14
1365 2.9343712e-14
1366 2.9303675e-14
1367 2.926373e-14
1368 2.9223883e-14
1369 2.9184152e-14
1370 2.9144421e-14
1371 2.910487e-14
1372 2.9065133e-14
1373 2.902555e-14
1374 2.8985977e-14
1375 2.8946724e-14
1376 2.8907302e-14
1377 2.8868005e-14
1378 2.8828885e-14
1379 2.8789859e-14
1380 2.8751005e-14
1381 2.8712044e-14
1382 2.8673236e-14
1383 2.8634491e-14
1384 2.8595873e-14
1385 2.8557193e-14
1386 2.8518619e-14
1387 2.8480042e-14
1388 2.844171e-14
1389 2.840334e-14
1390 2.8365053e-14
1391 2.8326885e-14
1392 2.8288786e-14
1393 2.8250665e-14
1394 2.8212754e-14
1395 2.8174823e-14
1396 2.8137036e-14
1397 2.809928e-14
1398 2.8061665e-14
1399 2.8024213e-14
1400 2.7986834e-14
1401 2.7949344e-14
1402 2.7911955e-14
1403 2.7874793e-14
1404 2.7837568e-14
1405 2.7800501e-14
1406 2.7763492e-14
1407 2.7726456e-14
1408 2.7689525e-14
1409 2.7652786e-14
1410 2.7615957e-14
1411 2.7579251e-14
1412 2.7542651e-14
1413 2.7506182e-14
1414 2.7469911e-14
1415 2.743343e-14
1416 2.739716e-14
1417 2.7360922e-14
1418 2.7324726e-14
1419 2.728871e-14
1420 2.7252763e-14
1421 2.7216834e-14
1422 2.718113e-14
1423 2.7145461e-14
1424 2.7109819e-14
1425 2.7074295e-14
1426 2.7038863e-14
1427 2.7003483e-14
1428 2.6968256e-14
1429 2.6932924e-14
1430 2.6897758e-14
1431 2.6862659e-14
1432 2.6827621e-14
1433 2.6792663e-14
1434 2.6757738e-14
1435 2.6722966e-14
1436 2.6688317e-14
1437 2.6653697e-14
1438 2.6619108e-14
1439 2.6584692e-14
1440 2.6550378e-14
1441 2.6515995e-14
1442 2.6481735e-14
1443 2.6447574e-14
1444 2.6413496e-14
1445 2.6379588e-14
1446 2.6345731e-14
1447 2.6311864e-14
1448 2.6278072e-14
1449 2.6244321e-14
1450 2.6210714e-14
1451 2.6177244e-14
1452 2.6143718e-14
1453 2.6110445e-14
1454 2.6077118e-14
1455 2.6043917e-14
1456 2.6010723e-14
1457 2.5977734e-14
1458 2.5944658e-14
1459 2.5911689e-14
1460 2.5878767e-14
1461 2.5846023e-14
1462 2.5813326e-14
1463 2.5780724e-14
1464 2.5748209e-14
1465 2.5715759e-14
1466 2.568327e-14
1467 2.565084e-14
1468 2.5618656e-14
1469 2.5586413e-14
1470 2.5554201e-14
1471 2.5522166e-14
1472 2.5490122e-14
1473 2.5458224e-14
1474 2.542643e-14
1475 2.5394636e-14
1476 2.5362834e-14
1477 2.5331124e-14
1478 2.5299546e-14
1479 2.5268056e-14
1480 2.5236632e-14
1481 2.5205395e-14
1482 2.5174085e-14
1483 2.5142854e-14
1484 2.5111669e-14
1485 2.5080632e-14
1486 2.5049661e-14
1487 2.5018643e-14
1488 2.4987777e-14
1489 2.4957009e-14
1490 2.4926321e-14
1491 2.4895669e-14
1492 2.4865099e-14
1493 2.4834523e-14
1494 2.4804047e-14
1495 2.4773647e-14
1496 2.4743323e-14
1497 2.4713029e-14
1498 2.4682743e-14
1499 2.4652638e-14
1500 2.4622518e-14
1501 2.4592552e-14
1502 2.456269e-14
1503 2.4532811e-14
1504 2.450295e-14
1505 2.4473182e-14
1506 2.4443418e-14
1507 2.4413737e-14
1508 2.4384196e-14
1509 2.435464e-14
1510 2.4325172e-14
1511 2.4295826e-14
1512 2.4266422e-14
1513 2.4237101e-14
1514 2.4207904e-14
1515 2.4178701e-14
1516 2.4149564e-14
1517 2.4120555e-14
1518 2.4091466e-14
1519 2.4062532e-14
1520 2.4033614e-14
1521 2.400477e-14
1522 2.3976028e-14
1523 2.3947244e-14
1524 2.3918568e-14
1525 2.3889894e-14
1526 2.386135e-14
1527 2.3832756e-14
1528 2.380428e-14
1529 2.3775875e-14
1530 2.3747541e-14
1531 2.3719257e-14
1532 2.3691055e-14
1533 2.3662736e-14
1534 2.3634572e-14
1535 2.3606494e-14
1536 2.3578455e-14
1537 2.3550394e-14
1538 2.3522403e-14
1539 2.3494537e-14
1540 2.3466679e-14
1541 2.3438831e-14
1542 2.3411088e-14
1543 2.3383419e-14
1544 2.335572e-14
1545 2.3328082e-14
1546 2.3300477e-14
1547 2.3272936e-14
1548 2.3245434e-14
1549 2.3218063e-14
1550 2.3190614e-14
1551 2.3163286e-14
1552 2.3135894e-14
1553 2.310865e-14
1554 2.3081356e-14
1555 2.3054141e-14
1556 2.3027013e-14
1557 2.299992e-14
1558 2.2972873e-14
1559 2.2945883e-14
1560 2.2918885e-14
1561 2.2892048e-14
1562 2.2865149e-14
1563 2.2838292e-14
1564 2.2811505e-14
1565 2.2784739e-14
1566 2.2758047e-14
1567 2.2731386e-14
1568 2.2704751e-14
1569 2.2678172e-14
1570 2.2651539e-14
1571 2.2625055e-14
1572 2.2598638e-14
1573 2.2572127e-14
1574 2.2545752e-14
1575 2.2519396e-14
1576 2.2493077e-14
1577 2.2466789e-14
1578 2.2440516e-14
1579 2.2414308e-14
1580 2.2388118e-14
1581 2.2361983e-14
1582 2.2335905e-14
1583 2.2309887e-14
1584 2.228382e-14
1585 2.2257804e-14
1586 2.223183e-14
1587 2.2205868e-14
1588 2.217999e-14
1589 2.2154169e-14
1590 2.2128393e-14
1591 2.2102594e-14
1592 2.2076859e-14
1593 2.2051061e-14
1594 2.2025302e-14
1595 2.1999607e-14
1596 2.1973983e-14
1597 2.1948415e-14
1598 2.1922787e-14
1599 2.1897256e-14
1600 2.1871732e-14
1601 2.1846256e-14
1602 2.1820752e-14
1603 2.1795346e-14
1604 2.176996e-14
1605 2.1744659e-14
1606 2.1719372e-14
1607 2.1694073e-14
1608 2.1668805e-14
1609 2.1643544e-14
1610 2.1618361e-14
1611 2.1593181e-14
1612 2.1568107e-14
1613 2.1543042e-14
1614 2.1517961e-14
1615 2.1492893e-14
1616 2.1467882e-14
1617 2.1442884e-14
1618 2.1417991e-14
1619 2.1393058e-14
1620 2.1368142e-14
1621 2.1343278e-14
1622 2.1318416e-14
1623 2.1293652e-14
1624 2.1268892e-14
1625 2.1244132e-14
1626 2.121944e-14
1627 2.1194828e-14
1628 2.1170132e-14
1629 2.114548e-14
1630 2.1120937e-14
1631 2.1096348e-14
1632 2.1071823e-14
1633 2.1047316e-14
1634 2.1022879e-14
1635 2.0998445e-14
1636 2.0974066e-14
1637 2.094964e-14
1638 2.09253e-14
1639 2.0901054e-14
1640 2.0876794e-14
1641 2.0852556e-14
1642 2.0828394e-14
1643 2.0804156e-14
1644 2.0779979e-14
1645 2.0755863e-14
1646 2.0731724e-14
1647 2.0707597e-14
1648 2.0683558e-14
1649 2.0659573e-14
1650 2.0635623e-14
1651 2.0611702e-14
1652 2.058776e-14
1653 2.0563893e-14
1654 2.0540049e-14
1655 2.0516154e-14
1656 2.0492364e-14
1657 2.0468579e-14
1658 2.0444927e-14
1659 2.0421264e-14
1660 2.0397573e-14
1661 2.0373914e-14
1662 2.0350245e-14
1663 2.0326674e-14
1664 2.0303075e-14
1665 2.0279555e-14
1666 2.0256094e-14
1667 2.0232673e-14
1668 2.0209227e-14
1669 2.0185816e-14
1670 2.0162405e-14
1671 2.0139036e-14
1672 2.0115705e-14
1673 2.0092434e-14
1674 2.0069179e-14
1675 2.0046051e-14
1676 2.0022884e-14
1677 1.9999753e-14
1678 1.9976655e-14
1679 1.9953586e-14
1680 1.9930545e-14
1681 1.9907524e-14
1682 1.9884511e-14
1683 1.9861555e-14
1684 1.9838688e-14
1685 1.9815805e-14
1686 1.9793049e-14
1687 1.9770285e-14
1688 1.9747527e-14
1689 1.9724827e-14
1690 1.9702128e-14
1691 1.9679473e-14
1692 1.9656821e-14
1693 1.9634275e-14
1694 1.9611715e-14
1695 1.9589213e-14
1696 1.956678e-14
1697 1.954434e-14
1698 1.9521947e-14
1699 1.949955e-14
1700 1.9477241e-14
1701 1.9454965e-14
1702 1.9432671e-14
1703 1.9410432e-14
1704 1.9388275e-14
1705 1.936613e-14
1706 1.9343966e-14
1707 1.9321911e-14
1708 1.9299877e-14
1709 1.927789e-14
1710 1.9255965e-14
1711 1.9234015e-14
1712 1.9212182e-14
1713 1.9190391e-14
1714 1.9168606e-14
1715 1.914682e-14
1716 1.9125132e-14
1717 1.9103439e-14
1718 1.9081775e-14
1719 1.9060169e-14
1720 1.9038569e-14
1721 1.9017044e-14
1722 1.8995573e-14
1723 1.8974116e-14
1724 1.8952679e-14
1725 1.8931302e-14
1726 1.8909904e-14
1727 1.8888643e-14
1728 1.8867427e-14
1729 1.8846216e-14
1730 1.8825005e-14
1731 1.8803914e-14
1732 1.8782811e-14
1733 1.8761736e-14
1734 1.8740726e-14
1735 1.8719762e-14
1736 1.8698835e-14
1737 1.8677963e-14
1738 1.8657114e-14
1739 1.8636331e-14
1740 1.8615557e-14
1741 1.8594825e-14
1742 1.8574169e-14
1743 1.8553532e-14
1744 1.853293e-14
1745 1.851236e-14
1746 1.8491852e-14
1747 1.8471402e-14
1748 1.845096e-14
1749 1.8430579e-14
1750 1.8410221e-14
1751 1.8389913e-14
1752 1.8369636e-14
1753 1.8349397e-14
1754 1.8329191e-14
1755 1.8309067e-14
1756 1.8288938e-14
1757 1.8268887e-14
1758 1.8248892e-14
1759 1.8228887e-14
1760 1.8208971e-14
1761 1.8189074e-14
1762 1.8169211e-14
1763 1.8149416e-14
1764 1.8129624e-14
1765 1.8109901e-14
1766 1.8090226e-14
1767 1.8070622e-14
1768 1.8051051e-14
1769 1.80315e-14
1770 1.8011949e-14
1771 1.7992469e-14
1772 1.7973029e-14
1773 1.7953622e-14
1774 1.7934269e-14
1775 1.7914954e-14
1776 1.7895697e-14
1777 1.7876464e-14
1778 1.7857315e-14
1779 1.7838173e-14
1780 1.7819058e-14
1781 1.7799986e-14
1782 1.7780927e-14
1783 1.776195e-14
1784 1.7743038e-14
1785 1.7724169e-14
1786 1.770529e-14
1787 1.7686471e-14
1788 1.7667704e-14
1789 1.7648962e-14
1790 1.7630259e-14
1791 1.7611604e-14
1792 1.7592993e-14
1793 1.7574399e-14
1794 1.755594e-14
1795 1.7537453e-14
1796 1.7519018e-14
1797 1.7500618e-14
1798 1.7482254e-14
1799 1.7463921e-14
1800 1.744565e-14
1801 1.7427404e-14
1802 1.7409224e-14
1803 1.7391038e-14
1804 1.7372897e-14
1805 1.7354767e-14
1806 1.7336695e-14
1807 1.7318701e-14
1808 1.7300716e-14
1809 1.7282784e-14
1810 1.7264891e-14
1811 1.7247008e-14
1812 1.7229141e-14
1813 1.7211356e-14
1814 1.7193551e-14
1815 1.7175778e-14
1816 1.7158089e-14
1817 1.714043e-14
1818 1.7122837e-14
1819 1.7105219e-14
1820 1.7087644e-14
1821 1.707014e-14
1822 1.7052672e-14
1823 1.7035258e-14
1824 1.7017856e-14
1825 1.7000466e-14
1826 1.69831e-14
1827 1.6965797e-14
1828 1.6948529e-14
1829 1.6931337e-14
1830 1.6914142e-14
1831 1.689697e-14
1832 1.687986e-14
1833 1.6862747e-14
1834 1.6845703e-14
1835 1.6828697e-14
1836 1.6811726e-14
1837 1.6794783e-14
1838 1.6777879e-14
1839 1.6761003e-14
1840 1.6744148e-14
1841 1.6727295e-14
1842 1.6710484e-14
1843 1.6693693e-14
1844 1.6676963e-14
1845 1.6660266e-14
1846 1.6643608e-14
1847 1.6626951e-14
1848 1.661035e-14
1849 1.6593783e-14
1850 1.657723e-14
1851 1.6560748e-14
1852 1.6544292e-14
1853 1.6527871e-14
1854 1.6511446e-14
1855 1.6495058e-14
1856 1.6478693e-14
1857 1.6462401e-14
1858 1.6446076e-14
1859 1.6429788e-14
1860 1.6413539e-14
1861 1.6397374e-14
1862 1.6381143e-14
1863 1.6364978e-14
1864 1.6348874e-14
1865 1.6332781e-14
1866 1.6316688e-14
1867 1.6300634e-14
1868 1.6284591e-14
1869 1.6268583e-14
1870 1.625265e-14
1871 1.6236689e-14
1872 1.6220738e-14
1873 1.6204865e-14
1874 1.6189006e-14
1875 1.6173176e-14
1876 1.6157361e-14
1877 1.6141575e-14
1878 1.6125814e-14
1879 1.6110084e-14
1880 1.6094383e-14
1881 1.6078681e-14
1882 1.6063015e-14
1883 1.6047378e-14
1884 1.603176e-14
1885 1.6016172e-14
1886 1.6000595e-14
1887 1.5985035e-14
1888 1.5969553e-14
1889 1.595406e-14
1890 1.5938567e-14
1891 1.5923086e-14
1892 1.59077e-14
1893 1.5892298e-14
1894 1.5876906e-14
1895 1.5861565e-14
1896 1.5846219e-14
1897 1.58309e-14
1898 1.5815566e-14
1899 1.5800323e-14
1900 1.578507e-14
1901 1.5769853e-14
1902 1.5754664e-14
1903 1.5739501e-14
1904 1.5724321e-14
1905 1.5709163e-14
1906 1.569404e-14
1907 1.5678953e-14
1908 1.5663843e-14
1909 1.564876e-14
1910 1.5633733e-14
1911 1.5618706e-14
1912 1.5603667e-14
1913 1.5588691e-14
1914 1.5573738e-14
1915 1.5558789e-14
1916 1.5543852e-14
1917 1.5528922e-14
1918 1.5514054e-14
1919 1.5499179e-14
1920 1.5484332e-14
1921 1.5469445e-14
1922 1.5454621e-14
1923 1.5439834e-14
1924 1.542505e-14
1925 1.5410291e-14
1926 1.5395566e-14
1927 1.5380806e-14
1928 1.5366077e-14
1929 1.5351358e-14
1930 1.5336679e-14
1931 1.5322032e-14
1932 1.5307391e-14
1933 1.5292757e-14
1934 1.5278157e-14
1935 1.5263565e-14
1936 1.5248998e-14
1937 1.5234454e-14
1938 1.5219917e-14
1939 1.5205414e-14
1940 1.5190917e-14
1941 1.5176443e-14
1942 1.5161972e-14
1943 1.5147521e-14
1944 1.5133102e-14
1945 1.5118699e-14
1946 1.5104283e-14
1947 1.5089903e-14
1948 1.5075546e-14
1949 1.5061195e-14
1950 1.5046829e-14
1951 1.5032484e-14
1952 1.5018184e-14
1953 1.5003934e-14
1954 1.4989654e-14
1955 1.4975378e-14
1956 1.4961142e-14
1957 1.494691e-14
1958 1.4932714e-14
1959 1.4918528e-14
1960 1.4904368e-14
1961 1.4890204e-14
1962 1.4876079e-14
1963 1.4861949e-14
1964 1.4847858e-14
1965 1.4833747e-14
1966 1.4819677e-14
1967 1.4805603e-14
1968 1.4791554e-14
1969 1.4777554e-14
1970 1.4763551e-14
1971 1.4749548e-14
1972 1.4735545e-14
1973 1.4721611e-14
1974 1.4707663e-14
1975 1.4693754e-14
1976 1.4679846e-14
1977 1.4665949e-14
1978 1.4652061e-14
1979 1.4638199e-14
1980 1.4624356e-14
1981 1.4610514e-14
1982 1.4596708e-14
1983 1.4582919e-14
1984 1.4569089e-14
1985 1.4555313e-14
1986 1.4541592e-14
1987 1.4527862e-14
1988 1.4514136e-14
1989 1.4500444e-14
1990 1.4486783e-14
1991 1.447313e-14
1992 1.4459475e-14
1993 1.4445853e-14
1994 1.4432247e-14
1995 1.4418669e-14
1996 1.4405137e-14
1997 1.4391589e-14
1998 1.4378049e-14
1999 1.4364538e-14
2000 1.4351007e-14
2001 1.4337549e-14
2002 1.4324102e-14
2003 1.4310671e-14
2004 1.4297232e-14
2005 1.4283824e-14
2006 1.4270425e-14
2007 1.4257068e-14
2008 1.4243718e-14
2009 1.4230405e-14
2010 1.4217083e-14
2011 1.4203793e-14
2012 1.4190514e-14
2013 1.4177242e-14
2014 1.4164033e-14
2015 1.4150822e-14
2016 1.4137638e-14
2017 1.4124464e-14
2018 1.4111295e-14
2019 1.4098156e-14
2020 1.4085042e-14
2021 1.4071938e-14
2022 1.4058852e-14
2023 1.4045815e-14
2024 1.4032798e-14
2025 1.4019778e-14
2026 1.4006801e-14
2027 1.3993816e-14
2028 1.3980861e-14
2029 1.3967921e-14
2030 1.3955022e-14
2031 1.3942104e-14
2032 1.3929236e-14
2033 1.3916378e-14
2034 1.3903542e-14
2035 1.3890729e-14
2036 1.3877953e-14
2037 1.3865181e-14
2038 1.3852424e-14
2039 1.38397e-14
2040 1.382699e-14
2041 1.3814317e-14
2042 1.3801636e-14
2043 1.3789021e-14
2044 1.3776429e-14
2045 1.3763828e-14
2046 1.3751244e-14
2047 1.3738691e-14
2048 1.3726157e-14
2049 1.3713649e-14
2050 1.3701165e-14
2051 1.3688687e-14
2052 1.3676267e-14
2053 1.3663854e-14
2054 1.3651459e-14
2055 1.363909e-14
2056 1.3626735e-14
2057 1.3614391e-14
2058 1.360208e-14
2059 1.3589782e-14
2060 1.3577524e-14
2061 1.3565255e-14
2062 1.3553028e-14
2063 1.3540823e-14
2064 1.352864e-14
2065 1.3516491e-14
2066 1.350434e-14
2067 1.3492254e-14
2068 1.3480166e-14
2069 1.3468134e-14
2070 1.3456096e-14
2071 1.3444064e-14
2072 1.3432058e-14
2073 1.3420081e-14
2074 1.3408135e-14
2075 1.3396203e-14
2076 1.3384311e-14
2077 1.3372438e-14
2078 1.3360572e-14
2079 1.3348752e-14
2080 1.3336924e-14
2081 1.3325107e-14
2082 1.3313328e-14
2083 1.3301568e-14
2084 1.3289817e-14
2085 1.3278118e-14
2086 1.3266437e-14
2087 1.3254796e-14
2088 1.3243145e-14
2089 1.3231548e-14
2090 1.3219983e-14
2091 1.3208445e-14
2092 1.3196886e-14
2093 1.3185371e-14
2094 1.3173863e-14
2095 1.3162382e-14
2096 1.3150922e-14
2097 1.3139487e-14
2098 1.312806e-14
2099 1.3116669e-14
2100 1.3105304e-14
2101 1.3093975e-14
2102 1.3082644e-14
2103 1.3071346e-14
2104 1.3060083e-14
2105 1.304882e-14
2106 1.3037581e-14
2107 1.3026378e-14
2108 1.3015207e-14
2109 1.3004054e-14
2110 1.2992912e-14
2111 1.2981776e-14
2112 1.297068e-14
2113 1.2959606e-14
2114 1.2948558e-14
2115 1.293754e-14
2116 1.2926534e-14
2117 1.2915561e-14
2118 1.2904578e-14
2119 1.2893655e-14
2120 1.2882739e-14
2121 1.2871842e-14
2122 1.2860965e-14
2123 1.2850126e-14
2124 1.2839302e-14
2125 1.2828495e-14
2126 1.2817678e-14
2127 1.2806894e-14
2128 1.2796133e-14
2129 1.2785398e-14
2130 1.2774679e-14
2131 1.2764001e-14
2132 1.2753337e-14
2133 1.2742685e-14
2134 1.273205e-14
2135 1.272143e-14
2136 1.271081e-14
2137 1.2700264e-14
2138 1.2689718e-14
2139 1.2679186e-14
2140 1.2668684e-14
2141 1.2658192e-14
2142 1.2647699e-14
2143 1.2637244e-14
2144 1.2626812e-14
2145 1.2616391e-14
2146 1.2605998e-14
2147 1.2595627e-14
2148 1.2585265e-14
2149 1.2574928e-14
2150 1.2564616e-14
2151 1.2554305e-14
2152 1.2544021e-14
2153 1.2533756e-14
2154 1.2523508e-14
2155 1.2513285e-14
2156 1.2503084e-14
2157 1.2492895e-14
2158 1.2482709e-14
2159 1.2472546e-14
2160 1.2462414e-14
2161 1.2452314e-14
2162 1.2442196e-14
2163 1.243212e-14
2164 1.2422065e-14
2165 1.2412025e-14
2166 1.2401981e-14
2167 1.2391976e-14
2168 1.2381967e-14
2169 1.2371965e-14
2170 1.2362003e-14
2171 1.2352037e-14
2172 1.2342104e-14
2173 1.2332186e-14
2174 1.2322289e-14
2175 1.2312399e-14
2176 1.2302529e-14
2177 1.2292692e-14
2178 1.2282841e-14
2179 1.2272987e-14
2180 1.2263195e-14
2181 1.2253382e-14
2182 1.2243602e-14
2183 1.2233843e-14
2184 1.2224104e-14
2185 1.221436e-14
2186 1.2204645e-14
2187 1.2194945e-14
2188 1.2185257e-14
2189 1.2175582e-14
2190 1.2165921e-14
2191 1.2156281e-14
2192 1.2146636e-14
2193 1.2137009e-14
2194 1.2127396e-14
2195 1.2117814e-14
2196 1.2108236e-14
2197 1.2098682e-14
2198 1.2089135e-14
2199 1.2079598e-14
2200 1.2070077e-14
2201 1.2060559e-14
2202 1.2051069e-14
2203 1.2041594e-14
2204 1.2032124e-14
2205 1.2022669e-14
2206 1.2013224e-14
2207 1.2003785e-14
2208 1.1994356e-14
2209 1.198495e-14
2210 1.1975548e-14
2211 1.1966158e-14
2212 1.1956797e-14
2213 1.194744e-14
2214 1.1938091e-14
2215 1.1928755e-14
2216 1.1919434e-14
2217 1.1910104e-14
2218 1.1900799e-14
2219 1.1891519e-14
2220 1.1882221e-14
2221 1.1872939e-14
2222 1.186368e-14
2223 1.185444e-14
2224 1.1845207e-14
2225 1.1835983e-14
2226 1.1826757e-14
2227 1.1817555e-14
2228 1.1808366e-14
2229 1.1799171e-14
2230 1.1789985e-14
2231 1.178083e-14
2232 1.1771668e-14
2233 1.1762527e-14
2234 1.1753393e-14
2235 1.1744264e-14
2236 1.1735133e-14
2237 1.1726032e-14
2238 1.1716927e-14
2239 1.1707852e-14
2240 1.1698766e-14
2241 1.1689695e-14
2242 1.1680637e-14
2243 1.1671595e-14
2244 1.1662547e-14
2245 1.165351e-14
2246 1.1644466e-14
2247 1.1635442e-14
2248 1.162643e-14
2249 1.1617454e-14
2250 1.1608466e-14
2251 1.1599487e-14
2252 1.1590507e-14
2253 1.1581539e-14
2254 1.1572585e-14
2255 1.1563638e-14
2256 1.1554697e-14
2257 1.1545773e-14
2258 1.1536856e-14
2259 1.1527923e-14
2260 1.1519015e-14
2261 1.1510111e-14
2262 1.1501216e-14
2263 1.1492333e-14
2264 1.1483466e-14
2265 1.1474597e-14
2266 1.1465747e-14
2267 1.1456894e-14
2268 1.1448055e-14
2269 1.1439227e-14
2270 1.1430392e-14
2271 1.1421585e-14
2272 1.1412785e-14
2273 1.1403986e-14
2274 1.1395204e-14
2275 1.1386414e-14
2276 1.137764e-14
2277 1.1368893e-14
2278 1.1360155e-14
2279 1.1351416e-14
2280 1.1342683e-14
2281 1.1333949e-14
2282 1.1325217e-14
2283 1.1316502e-14
2284 1.13078e-14
2285 1.1299113e-14
2286 1.129043e-14
2287 1.1281772e-14
2288 1.1273109e-14
2289 1.1264454e-14
2290 1.1255799e-14
2291 1.1247154e-14
2292 1.1238526e-14
2293 1.1229904e-14
2294 1.1221286e-14
2295 1.1212689e-14
2296 1.1204095e-14
2297 1.1195504e-14
2298 1.1186923e-14
2299 1.1178348e-14
2300 1.1169798e-14
2301 1.1161245e-14
2302 1.1152704e-14
2303 1.1144169e-14
2304 1.1135647e-14
2305 1.1127139e-14
2306 1.1118642e-14
2307 1.1110159e-14
2308 1.1101663e-14
2309 1.1093192e-14
2310 1.1084738e-14
2311 1.1076297e-14
2312 1.1067846e-14
2313 1.1059415e-14
2314 1.1051001e-14
2315 1.1042583e-14
2316 1.1034191e-14
2317 1.1025805e-14
2318 1.1017441e-14
2319 1.1009079e-14
2320 1.100072e-14
2321 1.0992379e-14
2322 1.0984056e-14
2323 1.0975739e-14
2324 1.0967427e-14
2325 1.0959121e-14
2326 1.0950847e-14
2327 1.0942578e-14
2328 1.0934309e-14
2329 1.0926061e-14
2330 1.0917811e-14
2331 1.0909566e-14
2332 1.090135e-14
2333 1.0893149e-14
2334 1.0884954e-14
2335 1.0876776e-14
2336 1.086861e-14
2337 1.086045e-14
2338 1.0852298e-14
2339 1.084417e-14
2340 1.0836062e-14
2341 1.0827958e-14
2342 1.0819843e-14
2343 1.0811765e-14
2344 1.0803701e-14
2345 1.0795649e-14
2346 1.0787611e-14
2347 1.077959e-14
2348 1.0771593e-14
2349 1.0763582e-14
2350 1.0755597e-14
2351 1.0747621e-14
2352 1.0739655e-14
2353 1.0731718e-14
2354 1.0723782e-14
2355 1.0715874e-14
2356 1.0707969e-14
2357 1.0700069e-14
2358 1.0692191e-14
2359 1.068433e-14
2360 1.0676479e-14
2361 1.0668647e-14
2362 1.0660826e-14
2363 1.0653031e-14
2364 1.0645242e-14
2365 1.063749e-14
2366 1.062974e-14
2367 1.0622005e-14
2368 1.0614283e-14
2369 1.060658e-14
2370 1.0598883e-14
2371 1.059119e-14
2372 1.0583531e-14
2373 1.0575894e-14
2374 1.0568275e-14
2375 1.0560664e-14
2376 1.0553073e-14
2377 1.05455e-14
2378 1.0537944e-14
2379 1.0530404e-14
2380 1.0522879e-14
2381 1.0515362e-14
2382 1.0507864e-14
2383 1.0500394e-14
2384 1.0492936e-14
2385 1.0485493e-14
2386 1.0478066e-14
2387 1.0470667e-14
2388 1.0463281e-14
2389 1.0455903e-14
2390 1.0448539e-14
2391 1.0441207e-14
2392 1.0433889e-14
2393 1.0426602e-14
2394 1.0419327e-14
2395 1.0412075e-14
2396 1.040482e-14
2397 1.0397593e-14
2398 1.0390398e-14
2399 1.0383213e-14
2400 1.0376043e-14
2401 1.036889e-14
2402 1.0361757e-14
2403 1.0354647e-14
2404 1.0347552e-14
2405 1.0340472e-14
2406 1.0333405e-14
2407 1.0326372e-14
2408 1.0319351e-14
2409 1.0312349e-14
2410 1.0305381e-14
2411 1.029842e-14
2412 1.0291485e-14
2413 1.0284552e-14
2414 1.0277645e-14
2415 1.0270747e-14
2416 1.0263886e-14
2417 1.0257044e-14
2418 1.0250232e-14
2419 1.0243432e-14
2420 1.0236636e-14
2421 1.0229879e-14
2422 1.022313e-14
2423 1.0216408e-14
2424 1.02097e-14
2425 1.020302e-14
2426 1.0196351e-14
2427 1.0189706e-14
2428 1.018308e-14
2429 1.0176478e-14
2430 1.0169892e-14
2431 1.0163323e-14
2432 1.0156784e-14
2433 1.0150256e-14
2434 1.0143749e-14
2435 1.0137278e-14
2436 1.0130821e-14
2437 1.0124382e-14
2438 1.0117966e-14
2439 1.0111573e-14
2440 1.0105201e-14
2441 1.0098843e-14
2442 1.0092511e-14
2443 1.0086184e-14
2444 1.0079886e-14
2445 1.0073603e-14
2446 1.0067349e-14
2447 1.006111e-14
2448 1.0054902e-14
2449 1.0048706e-14
2450 1.0042526e-14
2451 1.0036379e-14
2452 1.0030243e-14
2453 1.002412e-14
2454 1.0018031e-14
2455 1.0011957e-14
2456 1.0005888e-14
2457 9.9998575e-15
2458 9.9938522e-15
2459 9.9878618e-15
2460 9.9818931e-15
2461 9.9759454e-15
2462 9.970016e-15
2463 9.9641121e-15
2464 9.9582169e-15
2465 9.9523485e-15
2466 9.9464976e-15
2467 9.9406666e-15
2468 9.934867e-15
2469 9.9290767e-15
2470 9.9233172e-15
2471 9.9175665e-15
2472 9.9118475e-15
2473 9.9061439e-15
2474 9.9004588e-15
2475 9.8947901e-15
2476 9.8891424e-15
2477 9.883533e-15
2478 9.8779299e-15
2479 9.8723555e-15
2480 9.8667951e-15
2481 9.8612551e-15
2482 9.8557387e-15
2483 9.8502476e-15
2484 9.844767e-15
2485 9.8392958e-15
2486 9.8338578e-15
2487 9.8284421e-15
2488 9.8230443e-15
2489 9.8176589e-15
2490 9.8122957e-15
2491 9.8069529e-15
2492 9.8016198e-15
2493 9.7963075e-15
2494 9.7910256e-15
2495 9.7857797e-15
2496 9.780521e-15
2497 9.7752892e-15
2498 9.7700795e-15
2499 9.7648837e-15
2500 9.759713e-15
2501 9.754551e-15
2502 9.7494132e-15
2503 9.7443018e-15
2504 9.7391941e-15
2505 9.7341115e-15
2506 9.729048e-15
2507 9.7239996e-15
2508 9.7189682e-15
2509 9.7139677e-15
2510 9.7089864e-15
2511 9.7040241e-15
2512 9.6990667e-15
2513 9.6941341e-15
2514 9.689221e-15
2515 9.68432e-15
2516 9.6794434e-15
2517 9.6745756e-15
2518 9.6697289e-15
2519 9.6648944e-15
2520 9.6600817e-15
2521 9.6552775e-15
2522 9.6504935e-15
2523 9.6457247e-15
2524 9.6409696e-15
2525 9.6362308e-15
2526 9.6315044e-15
2527 9.6268061e-15
2528 9.6221251e-15
2529 9.6174582e-15
2530 9.6128154e-15
2531 9.6081744e-15
2532 9.603555e-15
2533 9.5989409e-15
2534 9.5943502e-15
2535 9.5897684e-15
2536 9.5852023e-15
2537 9.5806603e-15
2538 9.5761272e-15
2539 9.5716125e-15
2540 9.5671158e-15
2541 9.5626232e-15
2542 9.5581426e-15
2543 9.5536841e-15
2544 9.5492323e-15
2545 9.5447915e-15
2546 9.5403674e-15
2547 9.5359684e-15
2548 9.5315642e-15
2549 9.5271734e-15
2550 9.5228052e-15
2551 9.5184491e-15
2552 9.514103e-15
2553 9.5097629e-15
2554 9.5054516e-15
2555 9.501128e-15
2556 9.4968333e-15
2557 9.4925495e-15
2558 9.488268e-15
2559 9.4840101e-15
2560 9.4797543e-15
2561 9.475516e-15
2562 9.4712815e-15
2563 9.4670622e-15
2564 9.4628509e-15
2565 9.4586564e-15
2566 9.4544662e-15
2567 9.4502816e-15
2568 9.4461201e-15
2569 9.4419634e-15
2570 9.4378148e-15
2571 9.4336756e-15
2572 9.4295389e-15
2573 9.4254255e-15
2574 9.4213249e-15
2575 9.417234e-15
2576 9.4131424e-15
2577 9.4090594e-15
2578 9.4049872e-15
2579 9.4009223e-15
2580 9.3968657e-15
2581 9.3928265e-15
2582 9.3887921e-15
2583 9.3847589e-15
2584 9.3807345e-15
2585 9.3767275e-15
2586 9.3727302e-15
2587 9.3687428e-15
2588 9.3647491e-15
2589 9.3607659e-15
2590 9.3567897e-15
2591 9.3528219e-15
2592 9.3488624e-15
2593 9.3449078e-15
2594 9.340969e-15
2595 9.3370304e-15
2596 9.3330983e-15
2597 9.3291762e-15
2598 9.3252704e-15
2599 9.3213617e-15
2600 9.3174508e-15
2601 9.3135568e-15
2602 9.3096742e-15
2603 9.3057946e-15
2604 9.3019205e-15
2605 9.2980481e-15
2606 9.2941929e-15
2607 9.2903393e-15
2608 9.2864916e-15
2609 9.2826434e-15
2610 9.2788076e-15
2611 9.2749715e-15
2612 9.2711366e-15
2613 9.2673165e-15
2614 9.2635041e-15
2615 9.2596904e-15
2616 9.2558837e-15
2617 9.2520734e-15
2618 9.248281e-15
2619 9.2444819e-15
2620 9.2406976e-15
2621 9.2369266e-15
2622 9.23315e-15
2623 9.2293769e-15
2624 9.2256096e-15
2625 9.2218564e-15
2626 9.2181057e-15
2627 9.2143491e-15
2628 9.2106064e-15
2629 9.2068666e-15
2630 9.2031327e-15
2631 9.1993991e-15
2632 9.19568e-15
2633 9.1919536e-15
2634 9.18823e-15
2635 9.1845078e-15
2636 9.1807979e-15
2637 9.1770911e-15
2638 9.173387e-15
2639 9.1696925e-15
2640 9.165998e-15
2641 9.1623075e-15
2642 9.1586244e-15
2643 9.1549409e-15
2644 9.1512622e-15
2645 9.1475947e-15
2646 9.1439392e-15
2647 9.140274e-15
2648 9.1366165e-15
2649 9.1329664e-15
2650 9.129316e-15
2651 9.1256649e-15
2652 9.1220351e-15
2653 9.1184046e-15
2654 9.1147757e-15
2655 9.1111465e-15
2656 9.1075276e-15
2657 9.1039044e-15
2658 9.1003e-15
2659 9.0966884e-15
2660 9.0930838e-15
2661 9.0894793e-15
2662 9.0858768e-15
2663 9.0822895e-15
2664 9.0786994e-15
2665 9.0751266e-15
2666 9.0715443e-15
2667 9.0679718e-15
2668 9.0644118e-15
2669 9.0608479e-15
2670 9.0572956e-15
2671 9.0537445e-15
2672 9.0501999e-15
2673 9.0466549e-15
2674 9.0431184e-15
2675 9.0395884e-15
2676 9.0360637e-15
2677 9.0325456e-15
2678 9.0290317e-15
2679 9.0255253e-15
2680 9.0220183e-15
2681 9.0185235e-15
2682 9.0150347e-15
2683 9.011553e-15
2684 9.0080685e-15
2685 9.0045896e-15
2686 9.0011215e-15
2687 8.9976623e-15
2688 8.9942041e-15
2689 8.9907509e-15
2690 8.9873096e-15
2691 8.9838663e-15
2692 8.9804334e-15
2693 8.9770067e-15
2694 8.9735884e-15
2695 8.9701827e-15
2696 8.9667855e-15
2697 8.9633904e-15
2698 8.9600046e-15
2699 8.9566232e-15
2700 8.9532506e-15
2701 8.9498832e-15
2702 8.9465277e-15
2703 8.9431776e-15
2704 8.9398307e-15
2705 8.9364962e-15
2706 8.9331766e-15
2707 8.9298546e-15
2708 8.9265425e-15
2709 8.9232354e-15
2710 8.919936e-15
2711 8.9166458e-15
2712 8.9133686e-15
2713 8.9100916e-15
2714 8.9068236e-15
2715 8.9035667e-15
2716 8.900319e-15
2717 8.8970829e-15
2718 8.893843e-15
2719 8.8906235e-15
2720 8.8874186e-15
2721 8.8842194e-15
2722 8.8810282e-15
2723 8.8778539e-15
2724 8.8746783e-15
2725 8.8715202e-15
2726 8.8683635e-15
2727 8.8652248e-15
2728 8.8620969e-15
2729 8.8589772e-15
2730 8.8558673e-15
2731 8.8527671e-15
2732 8.8496846e-15
2733 8.8465996e-15
2734 8.8435321e-15
2735 8.8404747e-15
2736 8.8374339e-15
2737 8.8343964e-15
2738 8.8313729e-15
2739 8.8283565e-15
2740 8.8253608e-15
2741 8.8223775e-15
2742 8.8194023e-15
2743 8.8164345e-15
2744 8.8134742e-15
2745 8.8105388e-15
2746 8.8076004e-15
2747 8.8046827e-15
2748 8.801771e-15
2749 8.7988759e-15
2750 8.7959814e-15
2751 8.7931125e-15
2752 8.7902601e-15
2753 8.7874107e-15
2754 8.7845769e-15
2755 8.7817523e-15
2756 8.7789504e-15
2757 8.7761475e-15
2758 8.773367e-15
2759 8.770592e-15
2760 8.7678307e-15
2761 8.7650887e-15
2762 8.7623601e-15
2763 8.7596487e-15
2764 8.7569453e-15
2765 8.7542549e-15
2766 8.751577e-15
2767 8.7489146e-15
2768 8.7462691e-15
2769 8.7436345e-15
2770 8.7410097e-15
2771 8.7384001e-15
2772 8.7358036e-15
2773 8.7332238e-15
2774 8.7306502e-15
2775 8.7281022e-15
2776 8.725559e-15
2777 8.7230323e-15
2778 8.7205169e-15
2779 8.7180212e-15
2780 8.715538e-15
2781 8.7130638e-15
2782 8.7105993e-15
2783 8.7081579e-15
2784 8.7057272e-15
2785 8.7033121e-15
2786 8.7009128e-15
2787 8.698528e-15
2788 8.6961563e-15
2789 8.6938012e-15
2790 8.6914507e-15
2791 8.6891199e-15
2792 8.6868086e-15
2793 8.6845118e-15
2794 8.6822242e-15
2795 8.6799436e-15
2796 8.6776913e-15
2797 8.6754436e-15
2798 8.6732131e-15
2799 8.6709974e-15
2800 8.6687874e-15
2801 8.666597e-15
2802 8.6644185e-15
2803 8.6622543e-15
2804 8.6601093e-15
2805 8.6579778e-15
2806 8.6558664e-15
2807 8.6537557e-15
2808 8.6516615e-15
2809 8.6495818e-15
2810 8.6475175e-15
2811 8.6454647e-15
2812 8.6434238e-15
2813 8.641395e-15
2814 8.6393845e-15
2815 8.6373932e-15
2816 8.6354118e-15
2817 8.6334439e-15
2818 8.6314903e-15
2819 8.6295432e-15
2820 8.6276058e-15
2821 8.6256922e-15
2822 8.6237911e-15
2823 8.6218896e-15
2824 8.6200108e-15
2825 8.618148e-15
2826 8.616292e-15
2827 8.6144564e-15
2828 8.6126261e-15
2829 8.6108089e-15
2830 8.6089967e-15
2831 8.6071991e-15
2832 8.6054172e-15
2833 8.6036463e-15
2834 8.6018849e-15
2835 8.6001338e-15
2836 8.5983971e-15
2837 8.596673e-15
2838 8.5949636e-15
2839 8.5932636e-15
2840 8.5915721e-15
2841 8.589894e-15
2842 8.5882228e-15
2843 8.586569e-15
2844 8.5849176e-15
2845 8.583283e-15
2846 8.5816564e-15
2847 8.580041e-15
2848 8.578437e-15
2849 8.5768409e-15
2850 8.5752516e-15
2851 8.5736692e-15
2852 8.5720957e-15
2853 8.5705403e-15
2854 8.5689903e-15
2855 8.5674461e-15
2856 8.5659109e-15
2857 8.5643841e-15
2858 8.5628621e-15
2859 8.561351e-15
2860 8.5598455e-15
2861 8.5583465e-15
2862 8.5568573e-15
2863 8.5553735e-15
2864 8.5539028e-15
2865 8.5524375e-15
2866 8.5509788e-15
2867 8.5495233e-15
2868 8.5480767e-15
2869 8.5466302e-15
2870 8.5451978e-15
2871 8.5437671e-15
2872 8.5423417e-15
2873 8.5409254e-15
2874 8.539522e-15
2875 8.5381174e-15
2876 8.5367181e-15
2877 8.5353218e-15
2878 8.5339319e-15
2879 8.5325462e-15
2880 8.5311653e-15
2881 8.5297823e-15
2882 8.5284022e-15
2883 8.5270281e-15
2884 8.5256607e-15
2885 8.5242945e-15
2886 8.5229331e-15
2887 8.5215763e-15
2888 8.5202229e-15
2889 8.5188735e-15
2890 8.5175211e-15
2891 8.5161788e-15
2892 8.5148325e-15
2893 8.5134855e-15
2894 8.5121434e-15
2895 8.5107996e-15
2896 8.5094667e-15
2897 8.5081216e-15
2898 8.5067845e-15
2899 8.5054488e-15
2900 8.5041141e-15
2901 8.5027767e-15
2902 8.5014443e-15
2903 8.5001151e-15
2904 8.4987823e-15
2905 8.4974567e-15
2906 8.4961293e-15
2907 8.4947954e-15
2908 8.493461e-15
2909 8.4921285e-15
2910 8.4907993e-15
2911 8.4894663e-15
2912 8.4881322e-15
2913 8.4868018e-15
2914 8.485471e-15
2915 8.4841344e-15
2916 8.4827962e-15
2917 8.4814558e-15
2918 8.4801104e-15
2919 8.4787657e-15
2920 8.4774217e-15
2921 8.4760769e-15
2922 8.4747331e-15
2923 8.4733903e-15
2924 8.4720417e-15
2925 8.4706914e-15
2926 8.4693365e-15
2927 8.467978e-15
2928 8.4666142e-15
2929 8.4652536e-15
2930 8.46389e-15
2931 8.4625231e-15
2932 8.4611546e-15
2933 8.4597845e-15
2934 8.4584153e-15
2935 8.4570392e-15
2936 8.455661e-15
2937 8.4542796e-15
2938 8.4528943e-15
2939 8.4515091e-15
2940 8.4501179e-15
2941 8.4487258e-15
2942 8.4473316e-15
2943 8.4459341e-15
2944 8.4445339e-15
2945 8.4431331e-15
2946 8.4417299e-15
2947 8.4403177e-15
2948 8.4389064e-15
2949 8.4374952e-15
2950 8.4360795e-15
2951 8.4346589e-15
2952 8.433242e-15
2953 8.4318187e-15
2954 8.4303943e-15
2955 8.428967e-15
2956 8.4275411e-15
2957 8.4261145e-15
2958 8.424682e-15
2959 8.4232487e-15
2960 8.4218097e-15
2961 8.4203716e-15
2962 8.418931e-15
2963 8.4174869e-15
2964 8.4160431e-15
2965 8.4145929e-15
2966 8.4131521e-15
2967 8.4117054e-15
2968 8.4102584e-15
2969 8.4088163e-15
2970 8.4073685e-15
2971 8.4059229e-15
2972 8.4044722e-15
2973 8.40302e-15
2974 8.4015707e-15
2975 8.4001191e-15
2976 8.3986739e-15
2977 8.3972242e-15
2978 8.3957771e-15
2979 8.3943285e-15
2980 8.3928844e-15
2981 8.3914412e-15
2982 8.3899996e-15
2983 8.3885597e-15
2984 8.3871221e-15
2985 8.3856896e-15
2986 8.3842551e-15
2987 8.3828222e-15
2988 8.3813978e-15
2989 8.3799748e-15
2990 8.3785553e-15
2991 8.3771388e-15
2992 8.3757275e-15
2993 8.3743167e-15
2994 8.3729141e-15
2995 8.371517e-15
2996 8.3701243e-15
2997 8.3687424e-15
2998 8.3673639e-15
2999 8.365989e-15
3000 8.3646256e-15
