# Fiducial parameters: cosmomc_theta = 0.0104092, logA = 3.044, ombh2 = 0.02237, omch2 = 0.12, ns = 0.9649, tau = 0.0544, h = 0.6733981423479604, lens_potential_accuracy = 8, lens_margin = 2050, AccuracyBoost = 2.0, lSampleBoost = 2.0, lAccuracyBoost = 2.0, kmax = 10, k_per_logint = 130, nonlinear = True, DoLateRadTruncation = False
30 1.7770919e-10
31 1.6681859e-10
32 1.5685922e-10
33 1.4772184e-10
34 1.393128e-10
35 1.3156658e-10
36 1.2440728e-10
37 1.1778451e-10
38 1.1163724e-10
39 1.0593122e-10
40 1.0062534e-10
41 9.5679331e-11
42 9.1062201e-11
43 8.6747222e-11
44 8.2711663e-11
45 7.8931436e-11
46 7.5381965e-11
47 7.2042458e-11
48 6.8912e-11
49 6.596312e-11
50 6.3178549e-11
51 6.0557812e-11
52 5.8088929e-11
53 5.5750261e-11
54 5.3539177e-11
55 5.1446893e-11
56 4.9462456e-11
57 4.7579019e-11
58 4.5794814e-11
59 4.4094235e-11
60 4.2483928e-11
61 4.0947992e-11
62 3.9488134e-11
63 3.810281e-11
64 3.6778285e-11
65 3.551455e-11
66 3.4308645e-11
67 3.3159422e-11
68 3.2058734e-11
69 3.1007503e-11
70 3.0001528e-11
71 2.9040188e-11
72 2.8121631e-11
73 2.7242893e-11
74 2.6398801e-11
75 2.5588336e-11
76 2.481213e-11
77 2.4068073e-11
78 2.3352362e-11
79 2.2664627e-11
80 2.2004081e-11
81 2.1367558e-11
82 2.0757799e-11
83 2.0169463e-11
84 1.9605736e-11
85 1.9061831e-11
86 1.8537274e-11
87 1.8032613e-11
88 1.7546053e-11
89 1.7076375e-11
90 1.6623625e-11
91 1.6186797e-11
92 1.5767383e-11
93 1.5359556e-11
94 1.4965824e-11
95 1.4587e-11
96 1.4221722e-11
97 1.3868107e-11
98 1.3525797e-11
99 1.3194948e-11
100 1.2873896e-11
101 1.2564136e-11
102 1.2263886e-11
103 1.1972356e-11
104 1.1692656e-11
105 1.1420969e-11
106 1.1155829e-11
107 1.0900134e-11
108 1.0651851e-11
109 1.0412004e-11
110 1.0179053e-11
111 9.9526007e-12
112 9.7335055e-12
113 9.5205603e-12
114 9.314011e-12
115 9.1137604e-12
116 8.9186685e-12
117 8.7290843e-12
118 8.5456479e-12
119 8.3677584e-12
120 8.1938641e-12
121 8.0244802e-12
122 7.8603046e-12
123 7.7005557e-12
124 7.5459983e-12
125 7.3953157e-12
126 7.2488096e-12
127 7.1060329e-12
128 6.9669279e-12
129 6.8311167e-12
130 6.698796e-12
131 6.5698167e-12
132 6.445351e-12
133 6.3234239e-12
134 6.2048705e-12
135 6.089481e-12
136 5.976249e-12
137 5.8666469e-12
138 5.7596865e-12
139 5.6554363e-12
140 5.5540807e-12
141 5.4548842e-12
142 5.3580018e-12
143 5.2630622e-12
144 5.1705161e-12
145 5.0803297e-12
146 4.9923419e-12
147 4.9062349e-12
148 4.8224167e-12
149 4.7407457e-12
150 4.6607539e-12
151 4.5828383e-12
152 4.5062834e-12
153 4.4317647e-12
154 4.3586918e-12
155 4.2873463e-12
156 4.217732e-12
157 4.1497237e-12
158 4.0830241e-12
159 4.0177903e-12
160 3.9541364e-12
161 3.8919942e-12
162 3.8313014e-12
163 3.7722437e-12
164 3.7136327e-12
165 3.6568247e-12
166 3.6010458e-12
167 3.5464547e-12
168 3.4928151e-12
169 3.4405838e-12
170 3.3892176e-12
171 3.3387692e-12
172 3.2896692e-12
173 3.2414367e-12
174 3.1943443e-12
175 3.1481985e-12
176 3.1028834e-12
177 3.0586082e-12
178 3.0149294e-12
179 2.9722595e-12
180 2.9305529e-12
181 2.8894765e-12
182 2.8493597e-12
183 2.809798e-12
184 2.7713155e-12
185 2.7332754e-12
186 2.6961169e-12
187 2.659816e-12
188 2.6243148e-12
189 2.5894355e-12
190 2.5551461e-12
191 2.5213462e-12
192 2.4882082e-12
193 2.4556441e-12
194 2.4236484e-12
195 2.3923527e-12
196 2.3616829e-12
197 2.3314447e-12
198 2.3019475e-12
199 2.2727948e-12
200 2.244152e-12
201 2.216023e-12
202 2.1884118e-12
203 2.1612746e-12
204 2.1346365e-12
205 2.1084814e-12
206 2.0827886e-12
207 2.0575429e-12
208 2.0327559e-12
209 2.0082408e-12
210 1.9841683e-12
211 1.9604787e-12
212 1.9372409e-12
213 1.9144272e-12
214 1.8920224e-12
215 1.8701033e-12
216 1.8483935e-12
217 1.8271037e-12
218 1.8061186e-12
219 1.7855868e-12
220 1.7651998e-12
221 1.7453533e-12
222 1.72571e-12
223 1.7063628e-12
224 1.6872683e-12
225 1.6684464e-12
226 1.6499521e-12
227 1.6318012e-12
228 1.6139038e-12
229 1.5963888e-12
230 1.57909e-12
231 1.562072e-12
232 1.5453275e-12
233 1.5287426e-12
234 1.5124559e-12
235 1.4964391e-12
236 1.4805773e-12
237 1.4650082e-12
238 1.4496824e-12
239 1.4345767e-12
240 1.4196987e-12
241 1.4049478e-12
242 1.3905494e-12
243 1.3762894e-12
244 1.3621963e-12
245 1.3483924e-12
246 1.334773e-12
247 1.3213982e-12
248 1.3081305e-12
249 1.2950873e-12
250 1.2821831e-12
251 1.2694694e-12
252 1.2569188e-12
253 1.2445894e-12
254 1.2323786e-12
255 1.2204372e-12
256 1.2086366e-12
257 1.1969322e-12
258 1.1853683e-12
259 1.173914e-12
260 1.1626822e-12
261 1.1515964e-12
262 1.1406619e-12
263 1.1299163e-12
264 1.1192563e-12
265 1.1088155e-12
266 1.0984459e-12
267 1.0882361e-12
268 1.0781647e-12
269 1.0682105e-12
270 1.0583365e-12
271 1.0486217e-12
272 1.0390837e-12
273 1.0296066e-12
274 1.0202342e-12
275 1.0110362e-12
276 1.0019239e-12
277 9.9290916e-13
278 9.8403823e-13
279 9.7524154e-13
280 9.6655594e-13
281 9.5803422e-13
282 9.4959252e-13
283 9.4122704e-13
284 9.3302328e-13
285 9.2486743e-13
286 9.168609e-13
287 9.0893724e-13
288 9.0112162e-13
289 8.9335738e-13
290 8.8570773e-13
291 8.7815478e-13
292 8.7069001e-13
293 8.6324172e-13
294 8.559585e-13
295 8.487625e-13
296 8.416142e-13
297 8.3455922e-13
298 8.2753004e-13
299 8.2068439e-13
300 8.138882e-13
301 8.0715474e-13
302 8.0051866e-13
303 7.9397969e-13
304 7.874892e-13
305 7.8106508e-13
306 7.7468441e-13
307 7.6841261e-13
308 7.6222345e-13
309 7.5608062e-13
310 7.5003635e-13
311 7.4402359e-13
312 7.3807873e-13
313 7.3222304e-13
314 7.2643021e-13
315 7.2069373e-13
316 7.1499939e-13
317 7.0939389e-13
318 7.0383433e-13
319 6.9834411e-13
320 6.9290835e-13
321 6.8752499e-13
322 6.8224011e-13
323 6.7700335e-13
324 6.7183984e-13
325 6.6670963e-13
326 6.6164755e-13
327 6.5662687e-13
328 6.5163651e-13
329 6.4671916e-13
330 6.4186426e-13
331 6.3703706e-13
332 6.3227265e-13
333 6.2756845e-13
334 6.2290613e-13
335 6.1828838e-13
336 6.1371794e-13
337 6.0919199e-13
338 6.0472553e-13
339 6.0030164e-13
340 5.9593767e-13
341 5.9158612e-13
342 5.8730333e-13
343 5.8308742e-13
344 5.7887727e-13
345 5.7471251e-13
346 5.7058384e-13
347 5.6649524e-13
348 5.6246483e-13
349 5.5847876e-13
350 5.5454365e-13
351 5.5064433e-13
352 5.4674708e-13
353 5.4293587e-13
354 5.3913473e-13
355 5.3538629e-13
356 5.3164774e-13
357 5.2797802e-13
358 5.2430892e-13
359 5.2069804e-13
360 5.1711936e-13
361 5.1359335e-13
362 5.1007283e-13
363 5.0660644e-13
364 5.0317346e-13
365 4.9977911e-13
366 4.9639781e-13
367 4.9306113e-13
368 4.8974922e-13
369 4.8647356e-13
370 4.8323692e-13
371 4.8003345e-13
372 4.7683766e-13
373 4.7368996e-13
374 4.7056577e-13
375 4.6746894e-13
376 4.6441299e-13
377 4.613831e-13
378 4.5837904e-13
379 4.5539604e-13
380 4.5244389e-13
381 4.4951612e-13
382 4.4662665e-13
383 4.4374053e-13
384 4.4089154e-13
385 4.38066e-13
386 4.3526193e-13
387 4.3249093e-13
388 4.2976478e-13
389 4.2705932e-13
390 4.2437787e-13
391 4.2171208e-13
392 4.1906096e-13
393 4.1643999e-13
394 4.1384365e-13
395 4.1127918e-13
396 4.087324e-13
397 4.0618862e-13
398 4.0367708e-13
399 4.0119637e-13
400 3.9873944e-13
401 3.9629637e-13
402 3.9388354e-13
403 3.9149121e-13
404 3.8911934e-13
405 3.8675435e-13
406 3.8442531e-13
407 3.8210947e-13
408 3.7980191e-13
409 3.7752972e-13
410 3.752914e-13
411 3.7305223e-13
412 3.7084503e-13
413 3.6864726e-13
414 3.6646702e-13
415 3.6430066e-13
416 3.6215782e-13
417 3.6003887e-13
418 3.5793968e-13
419 3.5585669e-13
420 3.5378048e-13
421 3.5173126e-13
422 3.497102e-13
423 3.4769223e-13
424 3.4569486e-13
425 3.4370212e-13
426 3.41747e-13
427 3.3978939e-13
428 3.3786206e-13
429 3.3592725e-13
430 3.3402532e-13
431 3.3214641e-13
432 3.3028638e-13
433 3.2843767e-13
434 3.2660088e-13
435 3.2478651e-13
436 3.2297106e-13
437 3.2118042e-13
438 3.1940472e-13
439 3.1764419e-13
440 3.1588993e-13
441 3.1415872e-13
442 3.1243436e-13
443 3.1072486e-13
444 3.0903368e-13
445 3.0734817e-13
446 3.0568732e-13
447 3.0404086e-13
448 3.0241184e-13
449 3.0078928e-13
450 2.9917156e-13
451 2.9757469e-13
452 2.9598821e-13
453 2.9440865e-13
454 2.9285469e-13
455 2.9131184e-13
456 2.8977971e-13
457 2.8825713e-13
458 2.8674312e-13
459 2.8524285e-13
460 2.837557e-13
461 2.8228022e-13
462 2.8081804e-13
463 2.7936487e-13
464 2.7792742e-13
465 2.764996e-13
466 2.7507485e-13
467 2.7366739e-13
468 2.7226626e-13
469 2.7087846e-13
470 2.6950588e-13
471 2.6814609e-13
472 2.6680556e-13
473 2.6546795e-13
474 2.6413192e-13
475 2.6281173e-13
476 2.6150382e-13
477 2.6020146e-13
478 2.5891167e-13
479 2.5763945e-13
480 2.5636897e-13
481 2.5510976e-13
482 2.538624e-13
483 2.5261942e-13
484 2.5138866e-13
485 2.5016979e-13
486 2.4895114e-13
487 2.4774696e-13
488 2.4655638e-13
489 2.453749e-13
490 2.4420394e-13
491 2.4302807e-13
492 2.4186828e-13
493 2.4071924e-13
494 2.3957907e-13
495 2.3844515e-13
496 2.3732066e-13
497 2.3620878e-13
498 2.3510173e-13
499 2.3400641e-13
500 2.3290716e-13
501 2.318266e-13
502 2.3075209e-13
503 2.2968459e-13
504 2.2863094e-13
505 2.2757578e-13
506 2.2653738e-13
507 2.2550011e-13
508 2.2447305e-13
509 2.2344687e-13
510 2.2243e-13
511 2.2142218e-13
512 2.2042107e-13
513 2.1943121e-13
514 2.1844703e-13
515 2.1747024e-13
516 2.1650319e-13
517 2.1554253e-13
518 2.1457876e-13
519 2.1363072e-13
520 2.1268924e-13
521 2.1175139e-13
522 2.1083017e-13
523 2.0990225e-13
524 2.0898523e-13
525 2.0807817e-13
526 2.0717498e-13
527 2.0628165e-13
528 2.0538951e-13
529 2.0451106e-13
530 2.0362774e-13
531 2.0275618e-13
532 2.018974e-13
533 2.0103299e-13
534 2.0018238e-13
535 1.9933552e-13
536 1.9849375e-13
537 1.9765707e-13
538 1.9683162e-13
539 1.9600694e-13
540 1.9519072e-13
541 1.9437738e-13
542 1.9356869e-13
543 1.9276471e-13
544 1.9196866e-13
545 1.9117657e-13
546 1.9039015e-13
547 1.8960422e-13
548 1.888265e-13
549 1.8805396e-13
550 1.8729112e-13
551 1.8652869e-13
552 1.8577869e-13
553 1.8502577e-13
554 1.8427976e-13
555 1.835358e-13
556 1.8280058e-13
557 1.8207124e-13
558 1.8134275e-13
559 1.8062192e-13
560 1.7990636e-13
561 1.7919472e-13
562 1.784864e-13
563 1.7778194e-13
564 1.7708579e-13
565 1.7638917e-13
566 1.7569717e-13
567 1.7501475e-13
568 1.7433107e-13
569 1.7365833e-13
570 1.7298483e-13
571 1.7231172e-13
572 1.7164964e-13
573 1.709941e-13
574 1.7033422e-13
575 1.6968153e-13
576 1.6903624e-13
577 1.6839079e-13
578 1.6775082e-13
579 1.6711752e-13
580 1.6648468e-13
581 1.6585632e-13
582 1.6523263e-13
583 1.6461208e-13
584 1.6399607e-13
585 1.6338377e-13
586 1.6277658e-13
587 1.6217132e-13
588 1.6157392e-13
589 1.6097365e-13
590 1.6038291e-13
591 1.597906e-13
592 1.5920138e-13
593 1.5861799e-13
594 1.580372e-13
595 1.5746265e-13
596 1.56892e-13
597 1.5632033e-13
598 1.5575427e-13
599 1.5518712e-13
600 1.5462638e-13
601 1.5406849e-13
602 1.5351431e-13
603 1.5296514e-13
604 1.5241701e-13
605 1.5187329e-13
606 1.5133162e-13
607 1.507937e-13
608 1.5025798e-13
609 1.4972718e-13
610 1.4919651e-13
611 1.4866964e-13
612 1.4814486e-13
613 1.4762587e-13
614 1.4711278e-13
615 1.465987e-13
616 1.46089e-13
617 1.4558088e-13
618 1.4507568e-13
619 1.4456963e-13
620 1.4406692e-13
621 1.4356954e-13
622 1.4307541e-13
623 1.4258365e-13
624 1.4209336e-13
625 1.4160782e-13
626 1.411231e-13
627 1.4064162e-13
628 1.4016462e-13
629 1.3968902e-13
630 1.3921776e-13
631 1.387484e-13
632 1.3827893e-13
633 1.3781203e-13
634 1.3734738e-13
635 1.3688632e-13
636 1.3642908e-13
637 1.3597428e-13
638 1.3552111e-13
639 1.350679e-13
640 1.3461856e-13
641 1.3417317e-13
642 1.3373093e-13
643 1.3328907e-13
644 1.3284844e-13
645 1.3241285e-13
646 1.3197923e-13
647 1.315451e-13
648 1.3111609e-13
649 1.3068791e-13
650 1.3026054e-13
651 1.2983814e-13
652 1.2941679e-13
653 1.2899722e-13
654 1.2858036e-13
655 1.2816343e-13
656 1.2775326e-13
657 1.2734201e-13
658 1.2693333e-13
659 1.2652842e-13
660 1.2612314e-13
661 1.2572154e-13
662 1.2532126e-13
663 1.2492158e-13
664 1.2452416e-13
665 1.2412953e-13
666 1.2373621e-13
667 1.2334735e-13
668 1.2295967e-13
669 1.2257448e-13
670 1.2219121e-13
671 1.2180863e-13
672 1.2142839e-13
673 1.2104975e-13
674 1.2067417e-13
675 1.2029686e-13
676 1.1992499e-13
677 1.1955464e-13
678 1.1918363e-13
679 1.1881546e-13
680 1.1844902e-13
681 1.1808382e-13
682 1.1772131e-13
683 1.1735985e-13
684 1.1700234e-13
685 1.1664373e-13
686 1.1628788e-13
687 1.1593339e-13
688 1.1558179e-13
689 1.1523055e-13
690 1.1488212e-13
691 1.1453502e-13
692 1.1418971e-13
693 1.13845e-13
694 1.1350285e-13
695 1.1316163e-13
696 1.1282135e-13
697 1.1248397e-13
698 1.1214736e-13
699 1.1181445e-13
700 1.1148241e-13
701 1.1115121e-13
702 1.1082058e-13
703 1.1049279e-13
704 1.1016515e-13
705 1.0984026e-13
706 1.0951727e-13
707 1.0919469e-13
708 1.0887392e-13
709 1.085555e-13
710 1.082372e-13
711 1.0792016e-13
712 1.076064e-13
713 1.0729261e-13
714 1.0697917e-13
715 1.0666752e-13
716 1.0635818e-13
717 1.0604992e-13
718 1.0574306e-13
719 1.0543742e-13
720 1.0513472e-13
721 1.0483269e-13
722 1.0453113e-13
723 1.0423259e-13
724 1.0393277e-13
725 1.0363567e-13
726 1.0334124e-13
727 1.0304649e-13
728 1.0275367e-13
729 1.0246268e-13
730 1.0217223e-13
731 1.0188513e-13
732 1.0159884e-13
733 1.0131347e-13
734 1.0102887e-13
735 1.0074431e-13
736 1.004639e-13
737 1.0018303e-13
738 9.9902713e-14
739 9.9625629e-14
740 9.9348129e-14
741 9.907199e-14
742 9.8797712e-14
743 9.852414e-14
744 9.8252031e-14
745 9.7980738e-14
746 9.7710196e-14
747 9.7442299e-14
748 9.7175717e-14
749 9.6909767e-14
750 9.6643917e-14
751 9.6380436e-14
752 9.6116488e-14
753 9.5854192e-14
754 9.5593018e-14
755 9.533356e-14
756 9.5075406e-14
757 9.4817519e-14
758 9.4562036e-14
759 9.4307599e-14
760 9.4053577e-14
761 9.3799742e-14
762 9.3548701e-14
763 9.3297525e-14
764 9.3047808e-14
765 9.2798699e-14
766 9.2552327e-14
767 9.2307229e-14
768 9.2062301e-14
769 9.1818152e-14
770 9.1576051e-14
771 9.1334492e-14
772 9.1093073e-14
773 9.0853165e-14
774 9.0614538e-14
775 9.037601e-14
776 9.0139955e-14
777 8.9905631e-14
778 8.9671464e-14
779 8.9439014e-14
780 8.9206581e-14
781 8.897557e-14
782 8.8744862e-14
783 8.8514363e-14
784 8.828587e-14
785 8.805786e-14
786 8.7832109e-14
787 8.7606729e-14
788 8.7382479e-14
789 8.7158941e-14
790 8.6936457e-14
791 8.6714208e-14
792 8.6493513e-14
793 8.6273593e-14
794 8.6055616e-14
795 8.583819e-14
796 8.5621395e-14
797 8.5406713e-14
798 8.5191714e-14
799 8.4978189e-14
800 8.4765995e-14
801 8.4554437e-14
802 8.4343841e-14
803 8.4134846e-14
804 8.3925542e-14
805 8.371754e-14
806 8.35102e-14
807 8.330478e-14
808 8.3099402e-14
809 8.2895118e-14
810 8.2692597e-14
811 8.2490868e-14
812 8.228859e-14
813 8.2089077e-14
814 8.1889877e-14
815 8.1691361e-14
816 8.1492518e-14
817 8.1294118e-14
818 8.1098849e-14
819 8.0902682e-14
820 8.0707667e-14
821 8.0513742e-14
822 8.0322435e-14
823 8.0129881e-14
824 7.9938423e-14
825 7.9747062e-14
826 7.9557348e-14
827 7.936816e-14
828 7.9179441e-14
829 7.8991709e-14
830 7.8804442e-14
831 7.861898e-14
832 7.8433688e-14
833 7.8249531e-14
834 7.8066805e-14
835 7.7883738e-14
836 7.7701927e-14
837 7.7520278e-14
838 7.7340179e-14
839 7.71604e-14
840 7.698119e-14
841 7.6803071e-14
842 7.6625458e-14
843 7.6449112e-14
844 7.6273128e-14
845 7.6097991e-14
846 7.5922946e-14
847 7.5749225e-14
848 7.5575109e-14
849 7.5402281e-14
850 7.5230676e-14
851 7.5059342e-14
852 7.48895e-14
853 7.4719865e-14
854 7.4551628e-14
855 7.43837e-14
856 7.4216792e-14
857 7.4050388e-14
858 7.3884051e-14
859 7.3718522e-14
860 7.3553742e-14
861 7.3390513e-14
862 7.3227314e-14
863 7.3064099e-14
864 7.2901924e-14
865 7.2740095e-14
866 7.2579046e-14
867 7.2418785e-14
868 7.2258995e-14
869 7.2099912e-14
870 7.1941707e-14
871 7.1783281e-14
872 7.1626882e-14
873 7.1469244e-14
874 7.1314547e-14
875 7.1159382e-14
876 7.10048e-14
877 7.0850556e-14
878 7.0697499e-14
879 7.0545454e-14
880 7.0392244e-14
881 7.0240693e-14
882 7.0089562e-14
883 6.9939903e-14
884 6.9789505e-14
885 6.9640409e-14
886 6.9491787e-14
887 6.9343813e-14
888 6.9196486e-14
889 6.9049482e-14
890 6.8902713e-14
891 6.8757004e-14
892 6.8611191e-14
893 6.8466624e-14
894 6.8321993e-14
895 6.8178464e-14
896 6.8035063e-14
897 6.7891926e-14
898 6.7749744e-14
899 6.7607751e-14
900 6.7467046e-14
901 6.7326307e-14
902 6.7186158e-14
903 6.7046527e-14
904 6.6907057e-14
905 6.6768228e-14
906 6.66301e-14
907 6.6492289e-14
908 6.6355419e-14
909 6.6217947e-14
910 6.6080936e-14
911 6.594506e-14
912 6.5810024e-14
913 6.567494e-14
914 6.5539992e-14
915 6.5405593e-14
916 6.5271591e-14
917 6.5138065e-14
918 6.5004572e-14
919 6.4871671e-14
920 6.4739739e-14
921 6.460795e-14
922 6.4476603e-14
923 6.4345576e-14
924 6.4215202e-14
925 6.4085414e-14
926 6.3955646e-14
927 6.3826905e-14
928 6.3697717e-14
929 6.3569608e-14
930 6.3442049e-14
931 6.3314899e-14
932 6.3187819e-14
933 6.3060996e-14
934 6.2935259e-14
935 6.2809455e-14
936 6.2684351e-14
937 6.2558953e-14
938 6.2434006e-14
939 6.2309942e-14
940 6.2185527e-14
941 6.2061909e-14
942 6.1938952e-14
943 6.1816067e-14
944 6.1693658e-14
945 6.1571841e-14
946 6.1450419e-14
947 6.1329138e-14
948 6.1208084e-14
949 6.108824e-14
950 6.0968418e-14
951 6.0848642e-14
952 6.0729494e-14
953 6.0609918e-14
954 6.0491362e-14
955 6.0373027e-14
956 6.025494e-14
957 6.0137102e-14
958 6.0019633e-14
959 5.9902874e-14
960 5.97861e-14
961 5.9669672e-14
962 5.9553553e-14
963 5.9437994e-14
964 5.9322152e-14
965 5.9207472e-14
966 5.9092806e-14
967 5.8979057e-14
968 5.8865219e-14
969 5.8751693e-14
970 5.8638362e-14
971 5.852552e-14
972 5.8413067e-14
973 5.8300854e-14
974 5.8188749e-14
975 5.8077512e-14
976 5.7965944e-14
977 5.7854615e-14
978 5.7744047e-14
979 5.7633744e-14
980 5.7523938e-14
981 5.7413871e-14
982 5.7304208e-14
983 5.7194994e-14
984 5.7085911e-14
985 5.6977538e-14
986 5.6869511e-14
987 5.6761552e-14
988 5.6653858e-14
989 5.6545957e-14
990 5.6438967e-14
991 5.6332331e-14
992 5.6225197e-14
993 5.6118797e-14
994 5.6013114e-14
995 5.590764e-14
996 5.5802515e-14
997 5.5697451e-14
998 5.5592153e-14
999 5.5487262e-14
1000 5.5382701e-14
1001 5.5278484e-14
1002 5.5174373e-14
1003 5.5070489e-14
1004 5.4967088e-14
1005 5.4864143e-14
1006 5.4761374e-14
1007 5.4658983e-14
1008 5.4556311e-14
1009 5.4454044e-14
1010 5.4352379e-14
1011 5.4250907e-14
1012 5.4149338e-14
1013 5.4048634e-14
1014 5.3948158e-14
1015 5.3847799e-14
1016 5.3747821e-14
1017 5.3648023e-14
1018 5.3548633e-14
1019 5.3449632e-14
1020 5.335058e-14
1021 5.3252053e-14
1022 5.3153501e-14
1023 5.3055391e-14
1024 5.2957298e-14
1025 5.2859416e-14
1026 5.2761915e-14
1027 5.2664958e-14
1028 5.2567977e-14
1029 5.2471125e-14
1030 5.237428e-14
1031 5.2277962e-14
1032 5.218169e-14
1033 5.2085835e-14
1034 5.1990276e-14
1035 5.1894871e-14
1036 5.1800033e-14
1037 5.1705308e-14
1038 5.1610799e-14
1039 5.1516404e-14
1040 5.1422517e-14
1041 5.1329051e-14
1042 5.1235389e-14
1043 5.1142235e-14
1044 5.1049257e-14
1045 5.0956304e-14
1046 5.0864065e-14
1047 5.0772001e-14
1048 5.0679975e-14
1049 5.0588731e-14
1050 5.0496967e-14
1051 5.0405639e-14
1052 5.0314842e-14
1053 5.0224059e-14
1054 5.0133355e-14
1055 5.0043044e-14
1056 4.9953234e-14
1057 4.98632e-14
1058 4.977351e-14
1059 4.968433e-14
1060 4.9595672e-14
1061 4.950691e-14
1062 4.9418345e-14
1063 4.9330155e-14
1064 4.9242316e-14
1065 4.9154648e-14
1066 4.9067258e-14
1067 4.897975e-14
1068 4.8892591e-14
1069 4.880549e-14
1070 4.8719094e-14
1071 4.8632676e-14
1072 4.8546649e-14
1073 4.8460692e-14
1074 4.8375079e-14
1075 4.8289765e-14
1076 4.8204533e-14
1077 4.8119352e-14
1078 4.8034558e-14
1079 4.7949871e-14
1080 4.7865683e-14
1081 4.7781655e-14
1082 4.7697781e-14
1083 4.7614246e-14
1084 4.7530784e-14
1085 4.7447652e-14
1086 4.7364824e-14
1087 4.7282169e-14
1088 4.7199438e-14
1089 4.7117316e-14
1090 4.7035412e-14
1091 4.6953689e-14
1092 4.6872109e-14
1093 4.6790916e-14
1094 4.6710184e-14
1095 4.6629537e-14
1096 4.6549053e-14
1097 4.6468511e-14
1098 4.6388383e-14
1099 4.6308251e-14
1100 4.6228608e-14
1101 4.6149293e-14
1102 4.6069807e-14
1103 4.59909e-14
1104 4.5912093e-14
1105 4.5833489e-14
1106 4.5755223e-14
1107 4.5677281e-14
1108 4.5599348e-14
1109 4.5521638e-14
1110 4.5444353e-14
1111 4.5367521e-14
1112 4.5290548e-14
1113 4.5214025e-14
1114 4.5138032e-14
1115 4.5061708e-14
1116 4.4985597e-14
1117 4.4910169e-14
1118 4.4834602e-14
1119 4.4759305e-14
1120 4.4684068e-14
1121 4.460908e-14
1122 4.453431e-14
1123 4.4459708e-14
1124 4.4385305e-14
1125 4.4311427e-14
1126 4.4237494e-14
1127 4.4164017e-14
1128 4.4090982e-14
1129 4.4017817e-14
1130 4.3944656e-14
1131 4.3872004e-14
1132 4.3799328e-14
1133 4.3727062e-14
1134 4.3655053e-14
1135 4.3583292e-14
1136 4.3511879e-14
1137 4.3440648e-14
1138 4.3369244e-14
1139 4.3298372e-14
1140 4.3227798e-14
1141 4.3157248e-14
1142 4.3087266e-14
1143 4.3017261e-14
1144 4.2947035e-14
1145 4.2877592e-14
1146 4.2807919e-14
1147 4.2738619e-14
1148 4.2669842e-14
1149 4.2601238e-14
1150 4.2532548e-14
1151 4.2464147e-14
1152 4.2396129e-14
1153 4.2327955e-14
1154 4.2260172e-14
1155 4.2192436e-14
1156 4.2124825e-14
1157 4.2057698e-14
1158 4.1990883e-14
1159 4.1924123e-14
1160 4.1857623e-14
1161 4.1791347e-14
1162 4.1725243e-14
1163 4.1659329e-14
1164 4.1593575e-14
1165 4.1527924e-14
1166 4.1462307e-14
1167 4.1397029e-14
1168 4.1331994e-14
1169 4.1267043e-14
1170 4.1202232e-14
1171 4.1137721e-14
1172 4.1073183e-14
1173 4.100882e-14
1174 4.0944743e-14
1175 4.0880977e-14
1176 4.0817283e-14
1177 4.075409e-14
1178 4.0690844e-14
1179 4.0627725e-14
1180 4.0564811e-14
1181 4.0502126e-14
1182 4.0439719e-14
1183 4.0377672e-14
1184 4.0315185e-14
1185 4.025299e-14
1186 4.0191083e-14
1187 4.0129555e-14
1188 4.0068059e-14
1189 4.0006735e-14
1190 3.9945598e-14
1191 3.9884882e-14
1192 3.9823873e-14
1193 3.9763152e-14
1194 3.9702581e-14
1195 3.9642279e-14
1196 3.958208e-14
1197 3.9521593e-14
1198 3.9461846e-14
1199 3.9401987e-14
1200 3.9342624e-14
1201 3.9283133e-14
1202 3.9223944e-14
1203 3.9164658e-14
1204 3.9105861e-14
1205 3.9047129e-14
1206 3.8988636e-14
1207 3.893014e-14
1208 3.8871826e-14
1209 3.8813775e-14
1210 3.8755743e-14
1211 3.8697884e-14
1212 3.864015e-14
1213 3.8582441e-14
1214 3.8525026e-14
1215 3.8467808e-14
1216 3.8410496e-14
1217 3.8353432e-14
1218 3.8296503e-14
1219 3.8239731e-14
1220 3.8183144e-14
1221 3.8126642e-14
1222 3.807037e-14
1223 3.8014152e-14
1224 3.7958023e-14
1225 3.7902031e-14
1226 3.7846442e-14
1227 3.7790743e-14
1228 3.7735204e-14
1229 3.7679758e-14
1230 3.7624396e-14
1231 3.756904e-14
1232 3.7513976e-14
1233 3.7459158e-14
1234 3.740429e-14
1235 3.7349653e-14
1236 3.7295151e-14
1237 3.724076e-14
1238 3.7186543e-14
1239 3.7132456e-14
1240 3.7078357e-14
1241 3.7024611e-14
1242 3.6970978e-14
1243 3.6917467e-14
1244 3.6864187e-14
1245 3.6810819e-14
1246 3.6757412e-14
1247 3.6703988e-14
1248 3.6650875e-14
1249 3.6597892e-14
1250 3.654511e-14
1251 3.6492337e-14
1252 3.6439509e-14
1253 3.638701e-14
1254 3.6334636e-14
1255 3.6282296e-14
1256 3.6229908e-14
1257 3.6178027e-14
1258 3.6126096e-14
1259 3.6074203e-14
1260 3.6022272e-14
1261 3.597064e-14
1262 3.5919139e-14
1263 3.5867645e-14
1264 3.5816475e-14
1265 3.5765078e-14
1266 3.5713885e-14
1267 3.5662891e-14
1268 3.5612048e-14
1269 3.5561177e-14
1270 3.5510346e-14
1271 3.5459586e-14
1272 3.5408804e-14
1273 3.5358332e-14
1274 3.5307948e-14
1275 3.5257657e-14
1276 3.5207499e-14
1277 3.5157477e-14
1278 3.5107522e-14
1279 3.5057433e-14
1280 3.5007773e-14
1281 3.4957925e-14
1282 3.4908294e-14
1283 3.4858692e-14
1284 3.4809327e-14
1285 3.4759949e-14
1286 3.4710617e-14
1287 3.4661478e-14
1288 3.4612467e-14
1289 3.4563448e-14
1290 3.4514456e-14
1291 3.4465714e-14
1292 3.4416927e-14
1293 3.4368267e-14
1294 3.4319615e-14
1295 3.4271151e-14
1296 3.4222765e-14
1297 3.4174479e-14
1298 3.4126327e-14
1299 3.407816e-14
1300 3.4030144e-14
1301 3.3982123e-14
1302 3.3934197e-14
1303 3.3886311e-14
1304 3.3838608e-14
1305 3.3790992e-14
1306 3.3743321e-14
1307 3.369578e-14
1308 3.3648448e-14
1309 3.3601e-14
1310 3.3553716e-14
1311 3.3506654e-14
1312 3.3459577e-14
1313 3.3412546e-14
1314 3.3365615e-14
1315 3.3318843e-14
1316 3.3272204e-14
1317 3.3225436e-14
1318 3.3178865e-14
1319 3.3132382e-14
1320 3.3085944e-14
1321 3.3039587e-14
1322 3.2993518e-14
1323 3.2947347e-14
1324 3.2901295e-14
1325 3.2855223e-14
1326 3.2809192e-14
1327 3.2763331e-14
1328 3.2717636e-14
1329 3.2671891e-14
1330 3.2626195e-14
1331 3.2580664e-14
1332 3.253512e-14
1333 3.2489632e-14
1334 3.2444333e-14
1335 3.2399001e-14
1336 3.2353844e-14
1337 3.2308874e-14
1338 3.2263897e-14
1339 3.2218923e-14
1340 3.2174051e-14
1341 3.2129086e-14
1342 3.2084333e-14
1343 3.2039653e-14
1344 3.1995076e-14
1345 3.1950687e-14
1346 3.1906407e-14
1347 3.1862117e-14
1348 3.1817702e-14
1349 3.1773592e-14
1350 3.1729518e-14
1351 3.1685554e-14
1352 3.16416e-14
1353 3.1597757e-14
1354 3.1554023e-14
1355 3.1510419e-14
1356 3.146688e-14
1357 3.1423353e-14
1358 3.1379823e-14
1359 3.1336521e-14
1360 3.1293176e-14
1361 3.1249905e-14
1362 3.1206785e-14
1363 3.1163699e-14
1364 3.1120698e-14
1365 3.107765e-14
1366 3.1034812e-14
1367 3.099207e-14
1368 3.0949432e-14
1369 3.0906913e-14
1370 3.08644e-14
1371 3.0822072e-14
1372 3.0779563e-14
1373 3.0737211e-14
1374 3.0694876e-14
1375 3.0652865e-14
1376 3.061069e-14
1377 3.0568645e-14
1378 3.0526783e-14
1379 3.0485018e-14
1380 3.0443431e-14
1381 3.0401743e-14
1382 3.0360211e-14
1383 3.0318749e-14
1384 3.0277418e-14
1385 3.0236031e-14
1386 3.0194754e-14
1387 3.015348e-14
1388 3.0112456e-14
1389 3.0071399e-14
1390 3.003043e-14
1391 2.9989586e-14
1392 2.9948816e-14
1393 2.9908029e-14
1394 2.9867458e-14
1395 2.9826872e-14
1396 2.9786434e-14
1397 2.9746034e-14
1398 2.970578e-14
1399 2.9665693e-14
1400 2.9625686e-14
1401 2.9585574e-14
1402 2.9545567e-14
1403 2.9505793e-14
1404 2.9465962e-14
1405 2.9426293e-14
1406 2.9386688e-14
1407 2.9347062e-14
1408 2.9307547e-14
1409 2.9268229e-14
1410 2.9228827e-14
1411 2.9189553e-14
1412 2.9150391e-14
1413 2.9111365e-14
1414 2.9072544e-14
1415 2.9033517e-14
1416 2.8994708e-14
1417 2.8955935e-14
1418 2.8917211e-14
1419 2.8878673e-14
1420 2.8840209e-14
1421 2.8801769e-14
1422 2.876356e-14
1423 2.8725391e-14
1424 2.8687256e-14
1425 2.8649243e-14
1426 2.8611329e-14
1427 2.8573473e-14
1428 2.8535775e-14
1429 2.8497978e-14
1430 2.8460352e-14
1431 2.8422801e-14
1432 2.8385315e-14
1433 2.8347915e-14
1434 2.8310555e-14
1435 2.8273352e-14
1436 2.8236279e-14
1437 2.819924e-14
1438 2.816224e-14
1439 2.8125416e-14
1440 2.8088702e-14
1441 2.8051924e-14
1442 2.8015275e-14
1443 2.797873e-14
1444 2.7942275e-14
1445 2.7905995e-14
1446 2.7869772e-14
1447 2.7833545e-14
1448 2.77974e-14
1449 2.7761301e-14
1450 2.7725352e-14
1451 2.7689544e-14
1452 2.7653688e-14
1453 2.761809e-14
1454 2.7582444e-14
1455 2.754693e-14
1456 2.7511428e-14
1457 2.7476138e-14
1458 2.7440766e-14
1459 2.7405507e-14
1460 2.73703e-14
1461 2.7335278e-14
1462 2.7300308e-14
1463 2.7265438e-14
1464 2.7230662e-14
1465 2.7195957e-14
1466 2.7161218e-14
1467 2.7126543e-14
1468 2.7092121e-14
1469 2.7057645e-14
1470 2.7023205e-14
1471 2.6988949e-14
1472 2.6954689e-14
1473 2.6920581e-14
1474 2.6886581e-14
1475 2.6852588e-14
1476 2.6818592e-14
1477 2.6784693e-14
1478 2.6750933e-14
1479 2.6717266e-14
1480 2.6683669e-14
1481 2.6650266e-14
1482 2.6616795e-14
1483 2.6583408e-14
1484 2.6550073e-14
1485 2.6516891e-14
1486 2.648378e-14
1487 2.6450627e-14
1488 2.6417633e-14
1489 2.6384741e-14
1490 2.6351934e-14
1491 2.6319169e-14
1492 2.6286491e-14
1493 2.6253811e-14
1494 2.6221238e-14
1495 2.6188745e-14
1496 2.6156333e-14
1497 2.6123956e-14
1498 2.6091593e-14
1499 2.6059416e-14
1500 2.6027228e-14
1501 2.5995199e-14
1502 2.5963279e-14
1503 2.5931347e-14
1504 2.5899438e-14
1505 2.5867627e-14
1506 2.5835824e-14
1507 2.580411e-14
1508 2.5772539e-14
1509 2.574096e-14
1510 2.5709472e-14
1511 2.5678111e-14
1512 2.5646696e-14
1513 2.5615371e-14
1514 2.5584172e-14
1515 2.5552973e-14
1516 2.5521844e-14
1517 2.5490847e-14
1518 2.5459774e-14
1519 2.5428862e-14
1520 2.5397969e-14
1521 2.5367155e-14
1522 2.5336448e-14
1523 2.5305703e-14
1524 2.5275069e-14
1525 2.5244442e-14
1526 2.5213949e-14
1527 2.518341e-14
1528 2.5152994e-14
1529 2.5122653e-14
1530 2.5092386e-14
1531 2.5062174e-14
1532 2.5032048e-14
1533 2.5001809e-14
1534 2.4971728e-14
1535 2.4941737e-14
1536 2.491179e-14
1537 2.4881824e-14
1538 2.4851932e-14
1539 2.4822169e-14
1540 2.4792417e-14
1541 2.4762679e-14
1542 2.473305e-14
1543 2.4703499e-14
1544 2.4673921e-14
1545 2.4644408e-14
1546 2.4614932e-14
1547 2.4585523e-14
1548 2.4556156e-14
1549 2.4526924e-14
1550 2.4497617e-14
1551 2.4468435e-14
1552 2.4439192e-14
1553 2.4410101e-14
1554 2.4380963e-14
1555 2.4351907e-14
1556 2.4322941e-14
1557 2.4294014e-14
1558 2.4265135e-14
1559 2.4236318e-14
1560 2.4207495e-14
1561 2.4178836e-14
1562 2.4150118e-14
1563 2.4121446e-14
1564 2.4092846e-14
1565 2.4064271e-14
1566 2.4035772e-14
1567 2.4007307e-14
1568 2.3978872e-14
1569 2.3950495e-14
1570 2.3922067e-14
1571 2.3893792e-14
1572 2.3865585e-14
1573 2.3837288e-14
1574 2.3809129e-14
1575 2.3780993e-14
1576 2.3752896e-14
1577 2.3724832e-14
1578 2.3696787e-14
1579 2.3668808e-14
1580 2.3640851e-14
1581 2.3612951e-14
1582 2.3585111e-14
1583 2.3557333e-14
1584 2.3529509e-14
1585 2.3501738e-14
1586 2.3474013e-14
1587 2.3446302e-14
1588 2.3418676e-14
1589 2.3391111e-14
1590 2.3363592e-14
1591 2.3336054e-14
1592 2.3308581e-14
1593 2.3281048e-14
1594 2.3253556e-14
1595 2.3226131e-14
1596 2.3198779e-14
1597 2.3171485e-14
1598 2.3144133e-14
1599 2.3116881e-14
1600 2.3089638e-14
1601 2.3062445e-14
1602 2.3035226e-14
1603 2.3008108e-14
1604 2.2981012e-14
1605 2.2954003e-14
1606 2.292701e-14
1607 2.2900007e-14
1608 2.2873037e-14
1609 2.2846077e-14
1610 2.2819196e-14
1611 2.2792321e-14
1612 2.2765554e-14
1613 2.2738798e-14
1614 2.2712027e-14
1615 2.2685272e-14
1616 2.2658575e-14
1617 2.2631895e-14
1618 2.2605321e-14
1619 2.2578708e-14
1620 2.2552115e-14
1621 2.2525576e-14
1622 2.2499041e-14
1623 2.2472605e-14
1624 2.2446175e-14
1625 2.2419749e-14
1626 2.2393392e-14
1627 2.2367116e-14
1628 2.2340758e-14
1629 2.2314446e-14
1630 2.2288245e-14
1631 2.2262001e-14
1632 2.2235822e-14
1633 2.2209663e-14
1634 2.2183576e-14
1635 2.2157493e-14
1636 2.2131468e-14
1637 2.2105398e-14
1638 2.2079415e-14
1639 2.2053527e-14
1640 2.2027629e-14
1641 2.2001754e-14
1642 2.1975957e-14
1643 2.1950085e-14
1644 2.1924277e-14
1645 2.1898532e-14
1646 2.1872765e-14
1647 2.1847012e-14
1648 2.1821349e-14
1649 2.1795742e-14
1650 2.1770172e-14
1651 2.1744632e-14
1652 2.1719074e-14
1653 2.1693593e-14
1654 2.1668136e-14
1655 2.1642631e-14
1656 2.1617231e-14
1657 2.159184e-14
1658 2.1566582e-14
1659 2.1541316e-14
1660 2.1516024e-14
1661 2.1490765e-14
1662 2.1465499e-14
1663 2.1440333e-14
1664 2.141514e-14
1665 2.1390028e-14
1666 2.1364978e-14
1667 2.1339969e-14
1668 2.1314937e-14
1669 2.1289943e-14
1670 2.126495e-14
1671 2.124e-14
1672 2.1215092e-14
1673 2.1190245e-14
1674 2.1165416e-14
1675 2.1140716e-14
1676 2.1115979e-14
1677 2.1091281e-14
1678 2.1066617e-14
1679 2.1041984e-14
1680 2.1017381e-14
1681 2.0992801e-14
1682 2.0968231e-14
1683 2.0943719e-14
1684 2.0919298e-14
1685 2.0894865e-14
1686 2.087056e-14
1687 2.0846249e-14
1688 2.0821945e-14
1689 2.0797703e-14
1690 2.0773463e-14
1691 2.074927e-14
1692 2.0725083e-14
1693 2.0701002e-14
1694 2.0676911e-14
1695 2.0652879e-14
1696 2.0628919e-14
1697 2.0604954e-14
1698 2.0581039e-14
1699 2.0557121e-14
1700 2.0533293e-14
1701 2.0509501e-14
1702 2.0485695e-14
1703 2.0461944e-14
1704 2.0438279e-14
1705 2.0414627e-14
1706 2.0390959e-14
1707 2.0367402e-14
1708 2.0343868e-14
1709 2.0320384e-14
1710 2.0296966e-14
1711 2.0273524e-14
1712 2.0250201e-14
1713 2.0226923e-14
1714 2.0203653e-14
1715 2.0180385e-14
1716 2.0157217e-14
1717 2.0134046e-14
1718 2.0110908e-14
1719 2.008783e-14
1720 2.006476e-14
1721 2.0041768e-14
1722 2.0018832e-14
1723 1.9995914e-14
1724 1.9973018e-14
1725 1.9950184e-14
1726 1.9927332e-14
1727 1.990462e-14
1728 1.9881955e-14
1729 1.9859298e-14
1730 1.9836643e-14
1731 1.9814112e-14
1732 1.9791571e-14
1733 1.976906e-14
1734 1.9746619e-14
1735 1.9724224e-14
1736 1.970187e-14
1737 1.9679574e-14
1738 1.9657304e-14
1739 1.9635102e-14
1740 1.9612911e-14
1741 1.9590766e-14
1742 1.95687e-14
1743 1.9546656e-14
1744 1.952465e-14
1745 1.9502677e-14
1746 1.948077e-14
1747 1.9458925e-14
1748 1.943709e-14
1749 1.9415318e-14
1750 1.9393573e-14
1751 1.937188e-14
1752 1.9350222e-14
1753 1.9328604e-14
1754 1.9307022e-14
1755 1.9285525e-14
1756 1.9264026e-14
1757 1.9242608e-14
1758 1.922125e-14
1759 1.9199884e-14
1760 1.917861e-14
1761 1.9157358e-14
1762 1.9136143e-14
1763 1.9114998e-14
1764 1.9093861e-14
1765 1.9072795e-14
1766 1.905178e-14
1767 1.9030839e-14
1768 1.9009934e-14
1769 1.8989052e-14
1770 1.8968173e-14
1771 1.8947368e-14
1772 1.8926607e-14
1773 1.8905881e-14
1774 1.8885212e-14
1775 1.8864584e-14
1776 1.8844018e-14
1777 1.8823477e-14
1778 1.8803025e-14
1779 1.8782583e-14
1780 1.8762171e-14
1781 1.8741804e-14
1782 1.8721454e-14
1783 1.8701189e-14
1784 1.8680991e-14
1785 1.866084e-14
1786 1.8640682e-14
1787 1.8620587e-14
1788 1.8600548e-14
1789 1.8580536e-14
1790 1.8560566e-14
1791 1.8540647e-14
1792 1.8520776e-14
1793 1.8500925e-14
1794 1.8481211e-14
1795 1.8461473e-14
1796 1.8441789e-14
1797 1.8422144e-14
1798 1.8402537e-14
1799 1.8382966e-14
1800 1.8363458e-14
1801 1.8343979e-14
1802 1.8324568e-14
1803 1.8305156e-14
1804 1.828579e-14
1805 1.826644e-14
1806 1.8247149e-14
1807 1.8227941e-14
1808 1.8208744e-14
1809 1.8189603e-14
1810 1.8170504e-14
1811 1.8151418e-14
1812 1.8132351e-14
1813 1.8113369e-14
1814 1.809437e-14
1815 1.8075406e-14
1816 1.8056529e-14
1817 1.8037684e-14
1818 1.8018909e-14
1819 1.8000112e-14
1820 1.7981361e-14
1821 1.7962684e-14
1822 1.7944045e-14
1823 1.7925463e-14
1824 1.7906897e-14
1825 1.7888345e-14
1826 1.7869819e-14
1827 1.7851361e-14
1828 1.783294e-14
1829 1.7814597e-14
1830 1.7796255e-14
1831 1.7777938e-14
1832 1.7759686e-14
1833 1.7741434e-14
1834 1.7723253e-14
1835 1.7705114e-14
1836 1.7687013e-14
1837 1.7668941e-14
1838 1.7650912e-14
1839 1.7632914e-14
1840 1.7614939e-14
1841 1.7596969e-14
1842 1.7579044e-14
1843 1.7561141e-14
1844 1.7543302e-14
1845 1.7525499e-14
1846 1.7507737e-14
1847 1.7489979e-14
1848 1.7472279e-14
1849 1.7454617e-14
1850 1.7436971e-14
1851 1.7419398e-14
1852 1.7401854e-14
1853 1.7384348e-14
1854 1.736684e-14
1855 1.7349372e-14
1856 1.7331929e-14
1857 1.7314561e-14
1858 1.7297164e-14
1859 1.7279805e-14
1860 1.7262488e-14
1861 1.7245258e-14
1862 1.7227965e-14
1863 1.7210739e-14
1864 1.7193577e-14
1865 1.7176428e-14
1866 1.7159282e-14
1867 1.7142176e-14
1868 1.7125084e-14
1869 1.7108031e-14
1870 1.7091053e-14
1871 1.707405e-14
1872 1.705706e-14
1873 1.704015e-14
1874 1.7023256e-14
1875 1.7006393e-14
1876 1.6989549e-14
1877 1.6972734e-14
1878 1.6955947e-14
1879 1.6939193e-14
1880 1.6922471e-14
1881 1.6905749e-14
1882 1.6889065e-14
1883 1.6872413e-14
1884 1.6855782e-14
1885 1.6839183e-14
1886 1.6822597e-14
1887 1.680603e-14
1888 1.6789543e-14
1889 1.6773047e-14
1890 1.6756554e-14
1891 1.6740074e-14
1892 1.6723691e-14
1893 1.6707294e-14
1894 1.6690908e-14
1895 1.6674577e-14
1896 1.6658242e-14
1897 1.6641936e-14
1898 1.6625616e-14
1899 1.660939e-14
1900 1.6593155e-14
1901 1.6576958e-14
1902 1.6560791e-14
1903 1.6544653e-14
1904 1.6528498e-14
1905 1.6512368e-14
1906 1.6496274e-14
1907 1.6480218e-14
1908 1.646414e-14
1909 1.6448092e-14
1910 1.6432101e-14
1911 1.6416111e-14
1912 1.6400112e-14
1913 1.6384178e-14
1914 1.6368268e-14
1915 1.6352363e-14
1916 1.6336472e-14
1917 1.6320589e-14
1918 1.630477e-14
1919 1.6288947e-14
1920 1.6273152e-14
1921 1.6257319e-14
1922 1.624155e-14
1923 1.622582e-14
1924 1.6210094e-14
1925 1.6194396e-14
1926 1.6178732e-14
1927 1.6163036e-14
1928 1.614737e-14
1929 1.6131717e-14
1930 1.6116105e-14
1931 1.6100527e-14
1932 1.6084956e-14
1933 1.6069393e-14
1934 1.6053867e-14
1935 1.6038349e-14
1936 1.6022857e-14
1937 1.600739e-14
1938 1.5991931e-14
1939 1.5976508e-14
1940 1.596109e-14
1941 1.5945699e-14
1942 1.5930311e-14
1943 1.5914944e-14
1944 1.5899611e-14
1945 1.5884296e-14
1946 1.5868967e-14
1947 1.5853677e-14
1948 1.583841e-14
1949 1.5823151e-14
1950 1.5807878e-14
1951 1.5792628e-14
1952 1.5777424e-14
1953 1.576227e-14
1954 1.5747087e-14
1955 1.573191e-14
1956 1.5716774e-14
1957 1.5701643e-14
1958 1.5686549e-14
1959 1.5671466e-14
1960 1.5656411e-14
1961 1.5641352e-14
1962 1.5626333e-14
1963 1.5611311e-14
1964 1.5596328e-14
1965 1.5581326e-14
1966 1.5566367e-14
1967 1.5551404e-14
1968 1.5536468e-14
1969 1.5521582e-14
1970 1.5506693e-14
1971 1.5491806e-14
1972 1.5476919e-14
1973 1.5462103e-14
1974 1.5447273e-14
1975 1.5432484e-14
1976 1.5417696e-14
1977 1.540292e-14
1978 1.5388154e-14
1979 1.5373416e-14
1980 1.5358697e-14
1981 1.534398e-14
1982 1.53293e-14
1983 1.5314638e-14
1984 1.5299936e-14
1985 1.5285289e-14
1986 1.5270697e-14
1987 1.5256097e-14
1988 1.5241502e-14
1989 1.5226943e-14
1990 1.5212415e-14
1991 1.5197896e-14
1992 1.5183376e-14
1993 1.516889e-14
1994 1.515442e-14
1995 1.513998e-14
1996 1.5125586e-14
1997 1.5111177e-14
1998 1.5096777e-14
1999 1.5082408e-14
2000 1.5068018e-14
2001 1.5053703e-14
2002 1.5039399e-14
2003 1.5025112e-14
2004 1.5010818e-14
2005 1.4996557e-14
2006 1.4982305e-14
2007 1.4968096e-14
2008 1.4953894e-14
2009 1.493973e-14
2010 1.4925558e-14
2011 1.491142e-14
2012 1.4897293e-14
2013 1.4883173e-14
2014 1.4869118e-14
2015 1.4855062e-14
2016 1.4841034e-14
2017 1.4827016e-14
2018 1.4813004e-14
2019 1.4799023e-14
2020 1.4785067e-14
2021 1.4771123e-14
2022 1.4757198e-14
2023 1.4743322e-14
2024 1.4729467e-14
2025 1.4715611e-14
2026 1.4701798e-14
2027 1.4687977e-14
2028 1.4674188e-14
2029 1.4660414e-14
2030 1.4646683e-14
2031 1.4632934e-14
2032 1.4619235e-14
2033 1.4605547e-14
2034 1.4591882e-14
2035 1.4578241e-14
2036 1.4564638e-14
2037 1.455104e-14
2038 1.4537458e-14
2039 1.452391e-14
2040 1.4510376e-14
2041 1.4496881e-14
2042 1.4483378e-14
2043 1.4469943e-14
2044 1.4456531e-14
2045 1.4443111e-14
2046 1.4429709e-14
2047 1.441634e-14
2048 1.4402991e-14
2049 1.4389668e-14
2050 1.437637e-14
2051 1.436308e-14
2052 1.4349847e-14
2053 1.4336624e-14
2054 1.4323419e-14
2055 1.4310241e-14
2056 1.4297079e-14
2057 1.4283929e-14
2058 1.4270811e-14
2059 1.4257709e-14
2060 1.4244648e-14
2061 1.4231577e-14
2062 1.4218548e-14
2063 1.4205543e-14
2064 1.4192561e-14
2065 1.4179614e-14
2066 1.4166666e-14
2067 1.4153784e-14
2068 1.4140902e-14
2069 1.4128075e-14
2070 1.4115245e-14
2071 1.4102422e-14
2072 1.4089626e-14
2073 1.407686e-14
2074 1.4064126e-14
2075 1.4051408e-14
2076 1.4038731e-14
2077 1.4026072e-14
2078 1.4013424e-14
2079 1.4000822e-14
2080 1.3988213e-14
2081 1.3975617e-14
2082 1.3963059e-14
2083 1.3950523e-14
2084 1.3937996e-14
2085 1.3925523e-14
2086 1.3913068e-14
2087 1.3900655e-14
2088 1.3888234e-14
2089 1.3875868e-14
2090 1.3863535e-14
2091 1.385123e-14
2092 1.3838905e-14
2093 1.3826626e-14
2094 1.3814355e-14
2095 1.3802113e-14
2096 1.3789893e-14
2097 1.3777698e-14
2098 1.3765514e-14
2099 1.3753367e-14
2100 1.3741247e-14
2101 1.3729165e-14
2102 1.3717082e-14
2103 1.3705033e-14
2104 1.3693021e-14
2105 1.368101e-14
2106 1.3669024e-14
2107 1.3657077e-14
2108 1.3645162e-14
2109 1.3633267e-14
2110 1.3621384e-14
2111 1.3609509e-14
2112 1.3597675e-14
2113 1.3585865e-14
2114 1.3574082e-14
2115 1.356233e-14
2116 1.3550593e-14
2117 1.3538889e-14
2118 1.3527177e-14
2119 1.3515527e-14
2120 1.3503884e-14
2121 1.3492263e-14
2122 1.3480663e-14
2123 1.3469102e-14
2124 1.3457559e-14
2125 1.3446033e-14
2126 1.3434499e-14
2127 1.3423e-14
2128 1.3411524e-14
2129 1.3400078e-14
2130 1.3388647e-14
2131 1.337726e-14
2132 1.3365888e-14
2133 1.335453e-14
2134 1.3343191e-14
2135 1.3331867e-14
2136 1.3320545e-14
2137 1.33093e-14
2138 1.3298056e-14
2139 1.3286827e-14
2140 1.3275629e-14
2141 1.3264444e-14
2142 1.3253258e-14
2143 1.3242113e-14
2144 1.3230992e-14
2145 1.3219883e-14
2146 1.3208804e-14
2147 1.3197749e-14
2148 1.3186704e-14
2149 1.3175686e-14
2150 1.3164695e-14
2151 1.3153705e-14
2152 1.3142745e-14
2153 1.3131806e-14
2154 1.3120884e-14
2155 1.3109989e-14
2156 1.3099118e-14
2157 1.3088261e-14
2158 1.3077408e-14
2159 1.3066579e-14
2160 1.3055783e-14
2161 1.3045022e-14
2162 1.3034243e-14
2163 1.3023508e-14
2164 1.3012795e-14
2165 1.3002099e-14
2166 1.2991401e-14
2167 1.2980743e-14
2168 1.2970083e-14
2169 1.2959431e-14
2170 1.294882e-14
2171 1.2938208e-14
2172 1.292763e-14
2173 1.2917068e-14
2174 1.2906529e-14
2175 1.2895999e-14
2176 1.288549e-14
2177 1.2875016e-14
2178 1.2864528e-14
2179 1.285404e-14
2180 1.2843615e-14
2181 1.2833171e-14
2182 1.2822762e-14
2183 1.2812374e-14
2184 1.2802008e-14
2185 1.2791639e-14
2186 1.2781299e-14
2187 1.2770977e-14
2188 1.2760668e-14
2189 1.2750373e-14
2190 1.2740094e-14
2191 1.2729838e-14
2192 1.2719577e-14
2193 1.2709336e-14
2194 1.2699111e-14
2195 1.2688917e-14
2196 1.267873e-14
2197 1.2668568e-14
2198 1.2658413e-14
2199 1.2648271e-14
2200 1.2638146e-14
2201 1.2628025e-14
2202 1.2617934e-14
2203 1.2607858e-14
2204 1.259779e-14
2205 1.2587737e-14
2206 1.2577696e-14
2207 1.2567662e-14
2208 1.2557639e-14
2209 1.2547641e-14
2210 1.2537648e-14
2211 1.2527668e-14
2212 1.2517718e-14
2213 1.2507775e-14
2214 1.249784e-14
2215 1.2487919e-14
2216 1.2478014e-14
2217 1.2468101e-14
2218 1.2458215e-14
2219 1.2448356e-14
2220 1.2438478e-14
2221 1.2428619e-14
2222 1.2418784e-14
2223 1.2408968e-14
2224 1.2399161e-14
2225 1.2389363e-14
2226 1.2379566e-14
2227 1.2369792e-14
2228 1.2360033e-14
2229 1.2350269e-14
2230 1.2340515e-14
2231 1.2330793e-14
2232 1.2321066e-14
2233 1.231136e-14
2234 1.2301662e-14
2235 1.229197e-14
2236 1.2282277e-14
2237 1.2272615e-14
2238 1.226295e-14
2239 1.2253317e-14
2240 1.2243673e-14
2241 1.2234044e-14
2242 1.222443e-14
2243 1.2214832e-14
2244 1.220523e-14
2245 1.2195639e-14
2246 1.2186042e-14
2247 1.2176466e-14
2248 1.2166903e-14
2249 1.2157376e-14
2250 1.2147839e-14
2251 1.2138311e-14
2252 1.2128783e-14
2253 1.2119268e-14
2254 1.2109767e-14
2255 1.2100274e-14
2256 1.2090788e-14
2257 1.208132e-14
2258 1.2071859e-14
2259 1.2062382e-14
2260 1.2052932e-14
2261 1.2043487e-14
2262 1.203405e-14
2263 1.2024626e-14
2264 1.201522e-14
2265 1.2005811e-14
2266 1.1996422e-14
2267 1.1987031e-14
2268 1.1977654e-14
2269 1.1968289e-14
2270 1.1958918e-14
2271 1.1949574e-14
2272 1.1940238e-14
2273 1.1930904e-14
2274 1.1921587e-14
2275 1.1912264e-14
2276 1.1902955e-14
2277 1.1893675e-14
2278 1.1884404e-14
2279 1.1875133e-14
2280 1.1865868e-14
2281 1.1856602e-14
2282 1.1847339e-14
2283 1.1838092e-14
2284 1.182886e-14
2285 1.1819643e-14
2286 1.181043e-14
2287 1.1801241e-14
2288 1.179205e-14
2289 1.1782866e-14
2290 1.1773682e-14
2291 1.1764508e-14
2292 1.1755352e-14
2293 1.1746202e-14
2294 1.1737057e-14
2295 1.1727932e-14
2296 1.1718811e-14
2297 1.1709693e-14
2298 1.1700585e-14
2299 1.1691484e-14
2300 1.1682407e-14
2301 1.1673328e-14
2302 1.1664261e-14
2303 1.1655201e-14
2304 1.1646152e-14
2305 1.163712e-14
2306 1.1628097e-14
2307 1.1619089e-14
2308 1.1610068e-14
2309 1.1601071e-14
2310 1.1592093e-14
2311 1.1583128e-14
2312 1.1574152e-14
2313 1.1565197e-14
2314 1.1556258e-14
2315 1.1547316e-14
2316 1.15384e-14
2317 1.152949e-14
2318 1.1520602e-14
2319 1.1511717e-14
2320 1.1502833e-14
2321 1.1493969e-14
2322 1.1485122e-14
2323 1.1476282e-14
2324 1.1467446e-14
2325 1.1458617e-14
2326 1.144982e-14
2327 1.1441027e-14
2328 1.1432235e-14
2329 1.1423464e-14
2330 1.1414692e-14
2331 1.1405923e-14
2332 1.1397184e-14
2333 1.1388461e-14
2334 1.1379744e-14
2335 1.1371043e-14
2336 1.1362354e-14
2337 1.1353671e-14
2338 1.1344997e-14
2339 1.1336347e-14
2340 1.1327716e-14
2341 1.1319091e-14
2342 1.1310453e-14
2343 1.1301854e-14
2344 1.1293268e-14
2345 1.1284694e-14
2346 1.1276134e-14
2347 1.1267591e-14
2348 1.1259073e-14
2349 1.1250541e-14
2350 1.1242035e-14
2351 1.1233538e-14
2352 1.1225051e-14
2353 1.1216593e-14
2354 1.1208137e-14
2355 1.1199708e-14
2356 1.1191283e-14
2357 1.1182863e-14
2358 1.1174465e-14
2359 1.1166085e-14
2360 1.1157713e-14
2361 1.1149362e-14
2362 1.1141022e-14
2363 1.1132709e-14
2364 1.1124401e-14
2365 1.1116131e-14
2366 1.1107862e-14
2367 1.109961e-14
2368 1.109137e-14
2369 1.108315e-14
2370 1.1074936e-14
2371 1.1066726e-14
2372 1.1058551e-14
2373 1.1050398e-14
2374 1.1042264e-14
2375 1.1034137e-14
2376 1.1026031e-14
2377 1.1017944e-14
2378 1.1009873e-14
2379 1.100182e-14
2380 1.0993781e-14
2381 1.0985752e-14
2382 1.0977741e-14
2383 1.0969759e-14
2384 1.096179e-14
2385 1.0953835e-14
2386 1.0945897e-14
2387 1.0937989e-14
2388 1.0930094e-14
2389 1.0922207e-14
2390 1.0914334e-14
2391 1.0906494e-14
2392 1.0898669e-14
2393 1.0890876e-14
2394 1.0883094e-14
2395 1.0875337e-14
2396 1.0867578e-14
2397 1.0859847e-14
2398 1.0852147e-14
2399 1.084446e-14
2400 1.0836789e-14
2401 1.0829134e-14
2402 1.0821501e-14
2403 1.0813891e-14
2404 1.0806297e-14
2405 1.0798719e-14
2406 1.0791154e-14
2407 1.0783625e-14
2408 1.0776108e-14
2409 1.0768612e-14
2410 1.076115e-14
2411 1.0753696e-14
2412 1.0746268e-14
2413 1.0738844e-14
2414 1.0731447e-14
2415 1.0724059e-14
2416 1.071671e-14
2417 1.0709381e-14
2418 1.0702082e-14
2419 1.0694797e-14
2420 1.0687516e-14
2421 1.0680277e-14
2422 1.0673046e-14
2423 1.0665842e-14
2424 1.0658654e-14
2425 1.0651495e-14
2426 1.0644349e-14
2427 1.0637227e-14
2428 1.0630126e-14
2429 1.062305e-14
2430 1.0615991e-14
2431 1.060895e-14
2432 1.0601941e-14
2433 1.0594943e-14
2434 1.0587968e-14
2435 1.0581031e-14
2436 1.0574108e-14
2437 1.0567205e-14
2438 1.0560327e-14
2439 1.0553472e-14
2440 1.0546639e-14
2441 1.0539824e-14
2442 1.0533034e-14
2443 1.0526251e-14
2444 1.0519498e-14
2445 1.0512762e-14
2446 1.0506057e-14
2447 1.0499367e-14
2448 1.0492711e-14
2449 1.0486067e-14
2450 1.0479442e-14
2451 1.0472851e-14
2452 1.0466272e-14
2453 1.0459708e-14
2454 1.045318e-14
2455 1.0446667e-14
2456 1.0440162e-14
2457 1.0433697e-14
2458 1.0427258e-14
2459 1.0420836e-14
2460 1.0414437e-14
2461 1.0408061e-14
2462 1.0401705e-14
2463 1.0395376e-14
2464 1.0389057e-14
2465 1.0382767e-14
2466 1.0376496e-14
2467 1.0370247e-14
2468 1.0364031e-14
2469 1.0357825e-14
2470 1.0351653e-14
2471 1.034549e-14
2472 1.0339361e-14
2473 1.033325e-14
2474 1.0327158e-14
2475 1.0321085e-14
2476 1.0315035e-14
2477 1.0309024e-14
2478 1.0303022e-14
2479 1.029705e-14
2480 1.0291094e-14
2481 1.028516e-14
2482 1.0279251e-14
2483 1.027337e-14
2484 1.02675e-14
2485 1.0261642e-14
2486 1.0255819e-14
2487 1.0250021e-14
2488 1.0244241e-14
2489 1.0238477e-14
2490 1.0232736e-14
2491 1.0227017e-14
2492 1.022131e-14
2493 1.0215625e-14
2494 1.0209973e-14
2495 1.0204358e-14
2496 1.0198733e-14
2497 1.0193136e-14
2498 1.0187563e-14
2499 1.0182006e-14
2500 1.0176476e-14
2501 1.0170956e-14
2502 1.0165462e-14
2503 1.0159997e-14
2504 1.0154537e-14
2505 1.0149104e-14
2506 1.0143692e-14
2507 1.0138296e-14
2508 1.013292e-14
2509 1.0127576e-14
2510 1.0122253e-14
2511 1.0116951e-14
2512 1.0111656e-14
2513 1.0106387e-14
2514 1.0101139e-14
2515 1.0095905e-14
2516 1.0090698e-14
2517 1.0085501e-14
2518 1.0080327e-14
2519 1.0075166e-14
2520 1.007003e-14
2521 1.0064903e-14
2522 1.0059798e-14
2523 1.0054711e-14
2524 1.0049638e-14
2525 1.0044584e-14
2526 1.0039544e-14
2527 1.0034533e-14
2528 1.0029541e-14
2529 1.0024566e-14
2530 1.0019615e-14
2531 1.0014669e-14
2532 1.0009745e-14
2533 1.0004828e-14
2534 9.9999367e-15
2535 9.9950555e-15
2536 9.9901915e-15
2537 9.9853532e-15
2538 9.9805253e-15
2539 9.9757172e-15
2540 9.9709287e-15
2541 9.9661458e-15
2542 9.9613763e-15
2543 9.9566304e-15
2544 9.9518926e-15
2545 9.9471673e-15
2546 9.9424601e-15
2547 9.9377794e-15
2548 9.9330948e-15
2549 9.928425e-15
2550 9.9237792e-15
2551 9.9191468e-15
2552 9.9145257e-15
2553 9.9099119e-15
2554 9.9053281e-15
2555 9.9007334e-15
2556 9.8961688e-15
2557 9.8916162e-15
2558 9.8870672e-15
2559 9.882543e-15
2560 9.8780221e-15
2561 9.8735198e-15
2562 9.8690225e-15
2563 9.8645414e-15
2564 9.8600694e-15
2565 9.8556153e-15
2566 9.8511666e-15
2567 9.8467245e-15
2568 9.8423065e-15
2569 9.8378944e-15
2570 9.8334912e-15
2571 9.8290984e-15
2572 9.824709e-15
2573 9.8203439e-15
2574 9.8159924e-15
2575 9.8116516e-15
2576 9.8073108e-15
2577 9.8029794e-15
2578 9.7986596e-15
2579 9.794348e-15
2580 9.7900454e-15
2581 9.7857609e-15
2582 9.7814819e-15
2583 9.7772049e-15
2584 9.7729372e-15
2585 9.7686876e-15
2586 9.7644484e-15
2587 9.7602196e-15
2588 9.7559851e-15
2589 9.7517618e-15
2590 9.7475459e-15
2591 9.7433389e-15
2592 9.7391407e-15
2593 9.7349479e-15
2594 9.7307713e-15
2595 9.7265954e-15
2596 9.7224262e-15
2597 9.7182676e-15
2598 9.7141255e-15
2599 9.7099809e-15
2600 9.7058344e-15
2601 9.7017052e-15
2602 9.6975876e-15
2603 9.6934732e-15
2604 9.6893644e-15
2605 9.6852577e-15
2606 9.6811683e-15
2607 9.6770807e-15
2608 9.6729991e-15
2609 9.6689171e-15
2610 9.6648476e-15
2611 9.660778e-15
2612 9.6567095e-15
2613 9.652656e-15
2614 9.6486101e-15
2615 9.6445628e-15
2616 9.6405226e-15
2617 9.6364787e-15
2618 9.6324528e-15
2619 9.6284199e-15
2620 9.6244018e-15
2621 9.6203969e-15
2622 9.6163863e-15
2623 9.612379e-15
2624 9.6083773e-15
2625 9.6043895e-15
2626 9.600404e-15
2627 9.5964125e-15
2628 9.5924346e-15
2629 9.5884593e-15
2630 9.5844897e-15
2631 9.58052e-15
2632 9.5765646e-15
2633 9.5726016e-15
2634 9.568641e-15
2635 9.5646815e-15
2636 9.5607339e-15
2637 9.5567892e-15
2638 9.5528466e-15
2639 9.5489133e-15
2640 9.5449797e-15
2641 9.5410496e-15
2642 9.5371264e-15
2643 9.5332024e-15
2644 9.5292828e-15
2645 9.5253739e-15
2646 9.5214767e-15
2647 9.5175691e-15
2648 9.5136688e-15
2649 9.5097754e-15
2650 9.5058812e-15
2651 9.5019858e-15
2652 9.4981112e-15
2653 9.4942354e-15
2654 9.4903606e-15
2655 9.486485e-15
2656 9.4826192e-15
2657 9.4787485e-15
2658 9.4748961e-15
2659 9.4710359e-15
2660 9.4671822e-15
2661 9.463328e-15
2662 9.4594753e-15
2663 9.4556371e-15
2664 9.4517957e-15
2665 9.4479709e-15
2666 9.4441361e-15
2667 9.4403105e-15
2668 9.4364969e-15
2669 9.4326788e-15
2670 9.4288717e-15
2671 9.4250653e-15
2672 9.4212648e-15
2673 9.4174633e-15
2674 9.4136698e-15
2675 9.4098823e-15
2676 9.4060994e-15
2677 9.4023226e-15
2678 9.3985495e-15
2679 9.3947833e-15
2680 9.3910161e-15
2681 9.3872605e-15
2682 9.3835104e-15
2683 9.3797669e-15
2684 9.37602e-15
2685 9.3722783e-15
2686 9.3685469e-15
2687 9.3648239e-15
2688 9.3611013e-15
2689 9.3573834e-15
2690 9.3536769e-15
2691 9.3499679e-15
2692 9.3462689e-15
2693 9.3425758e-15
2694 9.3388905e-15
2695 9.3352174e-15
2696 9.3315525e-15
2697 9.3278893e-15
2698 9.3242351e-15
2699 9.3205849e-15
2700 9.3169431e-15
2701 9.3133063e-15
2702 9.3096809e-15
2703 9.3060608e-15
2704 9.3024435e-15
2705 9.2988384e-15
2706 9.2952479e-15
2707 9.2916548e-15
2708 9.2880714e-15
2709 9.2844926e-15
2710 9.2809215e-15
2711 9.2773594e-15
2712 9.2738101e-15
2713 9.2702609e-15
2714 9.2667206e-15
2715 9.2631913e-15
2716 9.259671e-15
2717 9.2561623e-15
2718 9.2526498e-15
2719 9.2491576e-15
2720 9.24568e-15
2721 9.2422082e-15
2722 9.2387443e-15
2723 9.2352974e-15
2724 9.2318493e-15
2725 9.2284187e-15
2726 9.2249897e-15
2727 9.2215787e-15
2728 9.2181787e-15
2729 9.2147871e-15
2730 9.2114055e-15
2731 9.2080338e-15
2732 9.2046799e-15
2733 9.2013239e-15
2734 9.1979857e-15
2735 9.1946578e-15
2736 9.1913468e-15
2737 9.1880394e-15
2738 9.1847465e-15
2739 9.181461e-15
2740 9.1781965e-15
2741 9.174945e-15
2742 9.1717019e-15
2743 9.1684666e-15
2744 9.1652394e-15
2745 9.1620376e-15
2746 9.1588333e-15
2747 9.1556503e-15
2748 9.1524738e-15
2749 9.1493144e-15
2750 9.1461563e-15
2751 9.1430245e-15
2752 9.1399098e-15
2753 9.1367988e-15
2754 9.133704e-15
2755 9.1306192e-15
2756 9.1275578e-15
2757 9.1244961e-15
2758 9.1214577e-15
2759 9.1184255e-15
2760 9.1154079e-15
2761 9.1124103e-15
2762 9.109427e-15
2763 9.1064619e-15
2764 9.1035056e-15
2765 9.1005632e-15
2766 9.0976342e-15
2767 9.0947218e-15
2768 9.0918271e-15
2769 9.0889444e-15
2770 9.0860725e-15
2771 9.0832168e-15
2772 9.0803753e-15
2773 9.0775515e-15
2774 9.0747349e-15
2775 9.0719452e-15
2776 9.0691613e-15
2777 9.066395e-15
2778 9.0636412e-15
2779 9.0609082e-15
2780 9.0581889e-15
2781 9.0554798e-15
2782 9.0527817e-15
2783 9.0501077e-15
2784 9.0474459e-15
2785 9.0448008e-15
2786 9.0421728e-15
2787 9.0395606e-15
2788 9.0369627e-15
2789 9.0343828e-15
2790 9.0318087e-15
2791 9.0292557e-15
2792 9.0267236e-15
2793 9.0242073e-15
2794 9.0217015e-15
2795 9.0192042e-15
2796 9.0167365e-15
2797 9.0142747e-15
2798 9.0118316e-15
2799 9.0094048e-15
2800 9.006985e-15
2801 9.0045862e-15
2802 9.0022007e-15
2803 8.9998311e-15
2804 8.997482e-15
2805 8.9951479e-15
2806 8.9928354e-15
2807 8.990525e-15
2808 8.9882326e-15
2809 8.9859561e-15
2810 8.9836965e-15
2811 8.9814499e-15
2812 8.9792166e-15
2813 8.976997e-15
2814 8.9747971e-15
2815 8.9726179e-15
2816 8.9704501e-15
2817 8.9682973e-15
2818 8.9661602e-15
2819 8.9640312e-15
2820 8.9619133e-15
2821 8.9598207e-15
2822 8.9577421e-15
2823 8.9556645e-15
2824 8.9536112e-15
2825 8.9515753e-15
2826 8.9495477e-15
2827 8.9475419e-15
2828 8.9455429e-15
2829 8.9435584e-15
2830 8.9415804e-15
2831 8.9396185e-15
2832 8.9376736e-15
2833 8.9357412e-15
2834 8.9338198e-15
2835 8.93191e-15
2836 8.930016e-15
2837 8.9281359e-15
2838 8.9262721e-15
2839 8.9244189e-15
2840 8.9225756e-15
2841 8.9207471e-15
2842 8.9189269e-15
2843 8.9171253e-15
2844 8.9153276e-15
2845 8.9135478e-15
2846 8.9117774e-15
2847 8.9100195e-15
2848 8.9082742e-15
2849 8.9065381e-15
2850 8.90481e-15
2851 8.9030901e-15
2852 8.9013802e-15
2853 8.8996897e-15
2854 8.8980058e-15
2855 8.8963287e-15
2856 8.8946618e-15
2857 8.8930044e-15
2858 8.8913531e-15
2859 8.8897136e-15
2860 8.8880807e-15
2861 8.8864556e-15
2862 8.8848412e-15
2863 8.8832331e-15
2864 8.8816392e-15
2865 8.8800517e-15
2866 8.8784717e-15
2867 8.8768958e-15
2868 8.8753298e-15
2869 8.8737647e-15
2870 8.8722146e-15
2871 8.870667e-15
2872 8.8691256e-15
2873 8.867594e-15
2874 8.8660762e-15
2875 8.8645578e-15
2876 8.8630455e-15
2877 8.8615368e-15
2878 8.8600353e-15
2879 8.8585386e-15
2880 8.8570474e-15
2881 8.8555546e-15
2882 8.8540653e-15
2883 8.8525826e-15
2884 8.8511071e-15
2885 8.8496333e-15
2886 8.8481647e-15
2887 8.8467012e-15
2888 8.8452416e-15
2889 8.8437864e-15
2890 8.8423284e-15
2891 8.840881e-15
2892 8.8394299e-15
2893 8.8379783e-15
2894 8.8365319e-15
2895 8.8350841e-15
2896 8.8336473e-15
2897 8.8321986e-15
2898 8.830758e-15
2899 8.8293189e-15
2900 8.8278809e-15
2901 8.8264404e-15
2902 8.8250048e-15
2903 8.8235725e-15
2904 8.8221366e-15
2905 8.8207079e-15
2906 8.8192772e-15
2907 8.8178401e-15
2908 8.8164023e-15
2909 8.8149663e-15
2910 8.8135334e-15
2911 8.8120965e-15
2912 8.8106583e-15
2913 8.8092236e-15
2914 8.8077883e-15
2915 8.8063468e-15
2916 8.8049035e-15
2917 8.8034576e-15
2918 8.8020064e-15
2919 8.8005553e-15
2920 8.7991047e-15
2921 8.7976529e-15
2922 8.7962015e-15
2923 8.7947507e-15
2924 8.7932936e-15
2925 8.7918342e-15
2926 8.7903698e-15
2927 8.7889012e-15
2928 8.7874267e-15
2929 8.7859547e-15
2930 8.7844792e-15
2931 8.7829997e-15
2932 8.7815179e-15
2933 8.7800338e-15
2934 8.77855e-15
2935 8.7770585e-15
2936 8.7755642e-15
2937 8.7740659e-15
2938 8.772563e-15
2939 8.7710594e-15
2940 8.7695489e-15
2941 8.7680368e-15
2942 8.7665217e-15
2943 8.7650024e-15
2944 8.7634796e-15
2945 8.7619554e-15
2946 8.7604278e-15
2947 8.7588903e-15
2948 8.7573528e-15
2949 8.7558145e-15
2950 8.7542707e-15
2951 8.7527211e-15
2952 8.7511743e-15
2953 8.74962e-15
2954 8.7480637e-15
2955 8.7465036e-15
2956 8.7449437e-15
2957 8.7433823e-15
2958 8.741814e-15
2959 8.7402437e-15
2960 8.7386669e-15
2961 8.7370899e-15
2962 8.7355093e-15
2963 8.7339243e-15
2964 8.7323386e-15
2965 8.7307454e-15
2966 8.7291606e-15
2967 8.7275689e-15
2968 8.7259758e-15
2969 8.7243866e-15
2970 8.7227907e-15
2971 8.721196e-15
2972 8.7195951e-15
2973 8.7179918e-15
2974 8.7163903e-15
2975 8.7147855e-15
2976 8.7131861e-15
2977 8.7115813e-15
2978 8.709978e-15
2979 8.7083723e-15
2980 8.7067701e-15
2981 8.7051678e-15
2982 8.7035663e-15
2983 8.7019653e-15
2984 8.7003658e-15
2985 8.6987705e-15
2986 8.6971724e-15
2987 8.6955749e-15
2988 8.6939849e-15
2989 8.6923956e-15
2990 8.6908089e-15
2991 8.6892243e-15
2992 8.6876441e-15
2993 8.6860637e-15
2994 8.6844906e-15
2995 8.6829223e-15
2996 8.6813575e-15
2997 8.679803e-15
2998 8.678251e-15
2999 8.6767019e-15
3000 8.6751637e-15
