# Fiducial parameters: cosmomc_theta = 0.0104092, logA = 3.044, ombh2 = 0.02237, omch2 = 0.12, ns = 0.9649, tau = 0.0544, h = 0.6733981423479604, lens_potential_accuracy = 8, lens_margin = 2050, AccuracyBoost = 2.0, lSampleBoost = 2.0, lAccuracyBoost = 2.0, kmax = 10, k_per_logint = 130, nonlinear = True, DoLateRadTruncation = False
30 1.7439575e-10
31 1.6370988e-10
32 1.5393661e-10
33 1.449689e-10
34 1.3671499e-10
35 1.2911096e-10
36 1.2208232e-10
37 1.1557989e-10
38 1.095437e-10
39 1.0394043e-10
40 9.8729775e-11
41 9.3872197e-11
42 8.9337325e-11
43 8.5098996e-11
44 8.1134977e-11
45 7.7421625e-11
46 7.3934762e-11
47 7.0653949e-11
48 6.7578594e-11
49 6.4681512e-11
50 6.1945693e-11
51 5.9370897e-11
52 5.6945355e-11
53 5.4647622e-11
54 5.2475241e-11
55 5.0419588e-11
56 4.8469856e-11
57 4.661933e-11
58 4.4866363e-11
59 4.3195463e-11
60 4.1613375e-11
61 4.0104294e-11
62 3.8670015e-11
63 3.7309072e-11
64 3.6007803e-11
65 3.4766268e-11
66 3.3581571e-11
67 3.2452622e-11
68 3.1371326e-11
69 3.0338659e-11
70 2.9350465e-11
71 2.8406165e-11
72 2.7503949e-11
73 2.6640891e-11
74 2.5811853e-11
75 2.501585e-11
76 2.4253542e-11
77 2.3522851e-11
78 2.2819999e-11
79 2.2144642e-11
80 2.1496016e-11
81 2.0870978e-11
82 2.0272291e-11
83 1.9694632e-11
84 1.9141207e-11
85 1.8607245e-11
86 1.809229e-11
87 1.7596904e-11
88 1.7119307e-11
89 1.6658296e-11
90 1.6213927e-11
91 1.5785207e-11
92 1.5373642e-11
93 1.4973414e-11
94 1.4587042e-11
95 1.4215348e-11
96 1.3856982e-11
97 1.3510068e-11
98 1.3174257e-11
99 1.2849713e-11
100 1.253478e-11
101 1.223096e-11
102 1.1936477e-11
103 1.1650549e-11
104 1.1376292e-11
105 1.1109895e-11
106 1.0849898e-11
107 1.0599204e-11
108 1.0355786e-11
109 1.0120671e-11
110 9.8923265e-12
111 9.6703574e-12
112 9.4556277e-12
113 9.2469339e-12
114 9.0445262e-12
115 8.8483111e-12
116 8.6571523e-12
117 8.4714021e-12
118 8.2917041e-12
119 8.1174606e-12
120 7.9471229e-12
121 7.7812092e-12
122 7.6204202e-12
123 7.463977e-12
124 7.312647e-12
125 7.165116e-12
126 7.0216881e-12
127 6.8819185e-12
128 6.7457519e-12
129 6.6128121e-12
130 6.4832984e-12
131 6.3570632e-12
132 6.2352809e-12
133 6.1159782e-12
134 5.9999919e-12
135 5.8871141e-12
136 5.77634e-12
137 5.6691433e-12
138 5.5645377e-12
139 5.4625928e-12
140 5.3634947e-12
141 5.2665092e-12
142 5.1717926e-12
143 5.0789748e-12
144 4.9885078e-12
145 4.900359e-12
146 4.8143684e-12
147 4.7302193e-12
148 4.6483208e-12
149 4.5685324e-12
150 4.490387e-12
151 4.4142825e-12
152 4.3395045e-12
153 4.2667294e-12
154 4.1953676e-12
155 4.1257015e-12
156 4.0577359e-12
157 3.9913462e-12
158 3.926236e-12
159 3.8625631e-12
160 3.8004423e-12
161 3.7398062e-12
162 3.6805931e-12
163 3.6229893e-12
164 3.5658073e-12
165 3.5104037e-12
166 3.4560053e-12
167 3.4027715e-12
168 3.3504665e-12
169 3.2995476e-12
170 3.2494723e-12
171 3.2002936e-12
172 3.1524427e-12
173 3.1054392e-12
174 3.0595563e-12
175 3.0146007e-12
176 2.9704571e-12
177 2.9273352e-12
178 2.8847918e-12
179 2.8432399e-12
180 2.8026342e-12
181 2.762642e-12
182 2.7235933e-12
183 2.6850838e-12
184 2.6476379e-12
185 2.6106193e-12
186 2.5744675e-12
187 2.5391587e-12
188 2.5046355e-12
189 2.4707203e-12
190 2.4373814e-12
191 2.4045189e-12
192 2.3723053e-12
193 2.3406528e-12
194 2.3095565e-12
195 2.279148e-12
196 2.2493534e-12
197 2.2199789e-12
198 2.1913341e-12
199 2.1630227e-12
200 2.1352103e-12
201 2.107901e-12
202 2.0810992e-12
203 2.0547611e-12
204 2.0289122e-12
205 2.0035365e-12
206 1.9786135e-12
207 1.9541283e-12
208 1.9300927e-12
209 1.9063199e-12
210 1.8829809e-12
211 1.8600164e-12
212 1.8374951e-12
213 1.8153896e-12
214 1.793685e-12
215 1.7724581e-12
216 1.7514328e-12
217 1.7308199e-12
218 1.7105042e-12
219 1.6906345e-12
220 1.6709025e-12
221 1.6517039e-12
222 1.6327016e-12
223 1.6139888e-12
224 1.5955219e-12
225 1.5773213e-12
226 1.5594417e-12
227 1.5418995e-12
228 1.5246046e-12
229 1.507686e-12
230 1.4909778e-12
231 1.4745447e-12
232 1.4583793e-12
233 1.442368e-12
234 1.4266495e-12
235 1.4111954e-12
236 1.3958911e-12
237 1.3808744e-12
238 1.3660958e-12
239 1.3515324e-12
240 1.3371918e-12
241 1.3229734e-12
242 1.3091029e-12
243 1.295366e-12
244 1.2817915e-12
245 1.2685018e-12
246 1.2553921e-12
247 1.2425227e-12
248 1.2297562e-12
249 1.2172098e-12
250 1.2047985e-12
251 1.1925734e-12
252 1.1805075e-12
253 1.1686589e-12
254 1.156925e-12
255 1.1454567e-12
256 1.1341254e-12
257 1.1228865e-12
258 1.1117845e-12
259 1.1007886e-12
260 1.0900115e-12
261 1.079377e-12
262 1.0688902e-12
263 1.0585889e-12
264 1.0483699e-12
265 1.0383668e-12
266 1.0284316e-12
267 1.0186529e-12
268 1.0090095e-12
269 9.9947996e-13
270 9.9002764e-13
271 9.8073129e-13
272 9.7160878e-13
273 9.6254405e-13
274 9.5358103e-13
275 9.4478945e-13
276 9.3608065e-13
277 9.2746649e-13
278 9.1899324e-13
279 9.1059137e-13
280 9.0229775e-13
281 8.9416521e-13
282 8.861099e-13
283 8.7812805e-13
284 8.7030516e-13
285 8.6252748e-13
286 8.5489642e-13
287 8.4734554e-13
288 8.3990004e-13
289 8.325033e-13
290 8.2521851e-13
291 8.1802782e-13
292 8.1092272e-13
293 8.0383153e-13
294 7.9690286e-13
295 7.9005888e-13
296 7.8326007e-13
297 7.7655207e-13
298 7.6986738e-13
299 7.6336373e-13
300 7.569071e-13
301 7.5051074e-13
302 7.4420933e-13
303 7.3800259e-13
304 7.3184193e-13
305 7.2574526e-13
306 7.1968965e-13
307 7.1374054e-13
308 7.078717e-13
309 7.0204687e-13
310 6.9631825e-13
311 6.9061883e-13
312 6.8498501e-13
313 6.7943806e-13
314 6.739517e-13
315 6.6851942e-13
316 6.6312702e-13
317 6.5782123e-13
318 6.5255915e-13
319 6.4736419e-13
320 6.422215e-13
321 6.3712901e-13
322 6.3213283e-13
323 6.2718262e-13
324 6.2230349e-13
325 6.1745555e-13
326 6.126736e-13
327 6.0793095e-13
328 6.0321653e-13
329 5.9857305e-13
330 5.9398994e-13
331 5.8943249e-13
332 5.8493579e-13
333 5.8049727e-13
334 5.7609864e-13
335 5.7174258e-13
336 5.6743186e-13
337 5.6316365e-13
338 5.58953e-13
339 5.5478298e-13
340 5.5067096e-13
341 5.4656946e-13
342 5.4253483e-13
343 5.3856521e-13
344 5.3459949e-13
345 5.3067732e-13
346 5.267894e-13
347 5.2293975e-13
348 5.1914649e-13
349 5.1539579e-13
350 5.1169427e-13
351 5.080268e-13
352 5.0435966e-13
353 5.0077684e-13
354 4.9720238e-13
355 4.9367892e-13
356 4.9016368e-13
357 4.867156e-13
358 4.8326649e-13
359 4.7987398e-13
360 4.7651204e-13
361 4.7320117e-13
362 4.6989418e-13
363 4.6663976e-13
364 4.6341719e-13
365 4.6023168e-13
366 4.570577e-13
367 4.5392682e-13
368 4.508192e-13
369 4.4774633e-13
370 4.4471099e-13
371 4.4170737e-13
372 4.3870996e-13
373 4.357592e-13
374 4.3283052e-13
375 4.2992778e-13
376 4.2706452e-13
377 4.2422592e-13
378 4.2141176e-13
379 4.186173e-13
380 4.1585234e-13
381 4.131104e-13
382 4.1040543e-13
383 4.0770247e-13
384 4.0503535e-13
385 4.0239037e-13
386 3.9976557e-13
387 3.9717256e-13
388 3.9462312e-13
389 3.9209312e-13
390 3.8958588e-13
391 3.8709305e-13
392 3.8461367e-13
393 3.8216322e-13
394 3.7973619e-13
395 3.7733983e-13
396 3.7495996e-13
397 3.7258192e-13
398 3.7023494e-13
399 3.6791763e-13
400 3.6562294e-13
401 3.6334097e-13
402 3.610881e-13
403 3.588546e-13
404 3.5664044e-13
405 3.5443205e-13
406 3.522585e-13
407 3.5009706e-13
408 3.4794281e-13
409 3.4582285e-13
410 3.4373569e-13
411 3.4164661e-13
412 3.3958844e-13
413 3.3753866e-13
414 3.3550537e-13
415 3.3348492e-13
416 3.3148697e-13
417 3.2951188e-13
418 3.2755554e-13
419 3.256144e-13
420 3.2367904e-13
421 3.2176967e-13
422 3.1988748e-13
423 3.180074e-13
424 3.1614695e-13
425 3.1429017e-13
426 3.1247005e-13
427 3.1064649e-13
428 3.0885227e-13
429 3.0704963e-13
430 3.0527893e-13
431 3.0353033e-13
432 3.0179969e-13
433 3.0007946e-13
434 2.9837024e-13
435 2.9668254e-13
436 2.9499287e-13
437 2.9332712e-13
438 2.9167543e-13
439 2.9003803e-13
440 2.8840603e-13
441 2.8679623e-13
442 2.8519241e-13
443 2.8360261e-13
444 2.8203027e-13
445 2.8046277e-13
446 2.7891909e-13
447 2.7738898e-13
448 2.7587548e-13
449 2.7436764e-13
450 2.7286381e-13
451 2.7138003e-13
452 2.6990585e-13
453 2.6843779e-13
454 2.6699454e-13
455 2.6556162e-13
456 2.6413866e-13
457 2.6272446e-13
458 2.6131807e-13
459 2.5992466e-13
460 2.5854362e-13
461 2.571735e-13
462 2.5581594e-13
463 2.5446665e-13
464 2.5313234e-13
465 2.5180695e-13
466 2.5048389e-13
467 2.4917742e-13
468 2.4787657e-13
469 2.4658834e-13
470 2.4531463e-13
471 2.4405301e-13
472 2.4280998e-13
473 2.4156917e-13
474 2.4032928e-13
475 2.3910454e-13
476 2.3789142e-13
477 2.3668318e-13
478 2.3548687e-13
479 2.3430747e-13
480 2.3312915e-13
481 2.3196148e-13
482 2.3080502e-13
483 2.2965231e-13
484 2.2851118e-13
485 2.2738133e-13
486 2.2625109e-13
487 2.2513471e-13
488 2.2403131e-13
489 2.2293643e-13
490 2.2185146e-13
491 2.20761e-13
492 2.1968603e-13
493 2.1862124e-13
494 2.1756473e-13
495 2.1651391e-13
496 2.1547195e-13
497 2.1444205e-13
498 2.1341642e-13
499 2.1240197e-13
500 2.1138305e-13
501 2.1038227e-13
502 2.0938701e-13
503 2.0839823e-13
504 2.0742278e-13
505 2.0644529e-13
506 2.0548405e-13
507 2.0452343e-13
508 2.0357251e-13
509 2.0262197e-13
510 2.0168025e-13
511 2.0074708e-13
512 1.9982014e-13
513 1.9890396e-13
514 1.9799298e-13
515 1.9708892e-13
516 1.9619414e-13
517 1.9530527e-13
518 1.9441284e-13
519 1.9353568e-13
520 1.9266463e-13
521 1.9179676e-13
522 1.9094509e-13
523 1.9008627e-13
524 1.8923792e-13
525 1.883991e-13
526 1.8756373e-13
527 1.867378e-13
528 1.8591264e-13
529 1.8510076e-13
530 1.842836e-13
531 1.8347779e-13
532 1.8268437e-13
533 1.8188492e-13
534 1.8109888e-13
535 1.8031621e-13
536 1.7953823e-13
537 1.7876497e-13
538 1.7800257e-13
539 1.7724056e-13
540 1.7648664e-13
541 1.7573524e-13
542 1.7498813e-13
543 1.7424538e-13
544 1.735102e-13
545 1.7277863e-13
546 1.7205239e-13
547 1.713263e-13
548 1.7060807e-13
549 1.698947e-13
550 1.6919069e-13
551 1.6848676e-13
552 1.6779494e-13
553 1.6709989e-13
554 1.6641142e-13
555 1.6572469e-13
556 1.6504638e-13
557 1.6437366e-13
558 1.6370147e-13
559 1.6303664e-13
560 1.6237679e-13
561 1.6172056e-13
562 1.6106736e-13
563 1.6041773e-13
564 1.5977612e-13
565 1.5913377e-13
566 1.5849575e-13
567 1.5786704e-13
568 1.5723679e-13
569 1.5661721e-13
570 1.559966e-13
571 1.5537612e-13
572 1.547664e-13
573 1.5416296e-13
574 1.5355492e-13
575 1.5295382e-13
576 1.5235987e-13
577 1.5176551e-13
578 1.5117638e-13
579 1.5059367e-13
580 1.5001119e-13
581 1.4943294e-13
582 1.4885912e-13
583 1.482882e-13
584 1.477216e-13
585 1.4715847e-13
586 1.4660022e-13
587 1.4604368e-13
588 1.4549478e-13
589 1.4494277e-13
590 1.4440008e-13
591 1.438556e-13
592 1.4331399e-13
593 1.42778e-13
594 1.422444e-13
595 1.4171681e-13
596 1.4119293e-13
597 1.4066782e-13
598 1.4014811e-13
599 1.396271e-13
600 1.3911231e-13
601 1.3860017e-13
602 1.3809154e-13
603 1.3758771e-13
604 1.3708474e-13
605 1.3658598e-13
606 1.3608908e-13
607 1.3559573e-13
608 1.3510441e-13
609 1.3461781e-13
610 1.3413114e-13
611 1.336481e-13
612 1.3316697e-13
613 1.3269145e-13
614 1.3222163e-13
615 1.3175066e-13
616 1.3128388e-13
617 1.3081851e-13
618 1.3035589e-13
619 1.2989223e-13
620 1.2943175e-13
621 1.2897642e-13
622 1.2852417e-13
623 1.2807412e-13
624 1.2762538e-13
625 1.2718122e-13
626 1.2673771e-13
627 1.2629727e-13
628 1.2586115e-13
629 1.2542627e-13
630 1.2499557e-13
631 1.2456661e-13
632 1.2413738e-13
633 1.2371056e-13
634 1.2328583e-13
635 1.2286454e-13
636 1.2244691e-13
637 1.2203156e-13
638 1.2161769e-13
639 1.2120363e-13
640 1.2079329e-13
641 1.2038674e-13
642 1.1998321e-13
643 1.1957989e-13
644 1.1917766e-13
645 1.1878032e-13
646 1.1838481e-13
647 1.1798864e-13
648 1.1759744e-13
649 1.1720693e-13
650 1.168171e-13
651 1.1643208e-13
652 1.1604798e-13
653 1.1566552e-13
654 1.1528563e-13
655 1.1490552e-13
656 1.1453205e-13
657 1.1415735e-13
658 1.1378509e-13
659 1.1341646e-13
660 1.1304732e-13
661 1.1268173e-13
662 1.1231733e-13
663 1.119534e-13
664 1.1159159e-13
665 1.1123244e-13
666 1.1087448e-13
667 1.1052084e-13
668 1.1016825e-13
669 1.0981802e-13
670 1.094696e-13
671 1.0912172e-13
672 1.0877607e-13
673 1.0843189e-13
674 1.0809064e-13
675 1.0774754e-13
676 1.0740975e-13
677 1.0707336e-13
678 1.067362e-13
679 1.0640175e-13
680 1.060689e-13
681 1.0573717e-13
682 1.0540802e-13
683 1.0507979e-13
684 1.047554e-13
685 1.0442979e-13
686 1.0410683e-13
687 1.037851e-13
688 1.0346615e-13
689 1.0314744e-13
690 1.0283142e-13
691 1.0251661e-13
692 1.0220349e-13
693 1.0189085e-13
694 1.0158066e-13
695 1.0127128e-13
696 1.0096274e-13
697 1.0065697e-13
698 1.0035187e-13
699 1.0005036e-13
700 9.9749598e-14
701 9.9449574e-14
702 9.9150012e-14
703 9.8853177e-14
704 9.8556383e-14
705 9.826223e-14
706 9.7969871e-14
707 9.7677811e-14
708 9.738745e-14
709 9.7099338e-14
710 9.6811233e-14
711 9.6524292e-14
712 9.6240514e-14
713 9.5956605e-14
714 9.5672937e-14
715 9.5390958e-14
716 9.5111184e-14
717 9.4832388e-14
718 9.4554886e-14
719 9.4278494e-14
720 9.4004944e-14
721 9.3731966e-14
722 9.345935e-14
723 9.3189646e-14
724 9.2918567e-14
725 9.2650106e-14
726 9.2384208e-14
727 9.2117895e-14
728 9.1853397e-14
729 9.1590647e-14
730 9.1328326e-14
731 9.1069246e-14
732 9.0810887e-14
733 9.0553344e-14
734 9.0296472e-14
735 9.0039538e-14
736 8.9786662e-14
737 8.953322e-14
738 8.9280234e-14
739 8.9030381e-14
740 8.8780013e-14
741 8.8530908e-14
742 8.8283565e-14
743 8.803683e-14
744 8.779146e-14
745 8.7546808e-14
746 8.7302809e-14
747 8.7061358e-14
748 8.6821124e-14
749 8.6581425e-14
750 8.6341729e-14
751 8.6104305e-14
752 8.5866316e-14
753 8.5629885e-14
754 8.5394478e-14
755 8.5160691e-14
756 8.4928111e-14
757 8.4695702e-14
758 8.4465603e-14
759 8.4236453e-14
760 8.4007623e-14
761 8.3778885e-14
762 8.3552845e-14
763 8.3326575e-14
764 8.310167e-14
765 8.2877278e-14
766 8.2655528e-14
767 8.2434958e-14
768 8.2214464e-14
769 8.1994655e-14
770 8.17768e-14
771 8.1559394e-14
772 8.1342034e-14
773 8.1126091e-14
774 8.0911336e-14
775 8.0696588e-14
776 8.0484219e-14
777 8.027349e-14
778 8.0062825e-14
779 7.9853784e-14
780 7.964467e-14
781 7.9436884e-14
782 7.9229311e-14
783 7.9021855e-14
784 7.8816313e-14
785 7.8611165e-14
786 7.8408185e-14
787 7.8205484e-14
788 7.8003824e-14
789 7.7802786e-14
790 7.7602711e-14
791 7.7402782e-14
792 7.7204318e-14
793 7.700654e-14
794 7.6810616e-14
795 7.6615155e-14
796 7.6420236e-14
797 7.6227342e-14
798 7.6034044e-14
799 7.5842132e-14
800 7.5651464e-14
801 7.5461345e-14
802 7.5272101e-14
803 7.5084372e-14
804 7.4896248e-14
805 7.470934e-14
806 7.4523009e-14
807 7.4338512e-14
808 7.4153974e-14
809 7.3970444e-14
810 7.3788593e-14
811 7.360745e-14
812 7.3425676e-14
813 7.3246582e-14
814 7.3067719e-14
815 7.2889458e-14
816 7.2710788e-14
817 7.2532478e-14
818 7.2357218e-14
819 7.2180979e-14
820 7.2005812e-14
821 7.1831655e-14
822 7.1660035e-14
823 7.1487088e-14
824 7.131516e-14
825 7.1143248e-14
826 7.0972907e-14
827 7.0803013e-14
828 7.063351e-14
829 7.0464917e-14
830 7.0296713e-14
831 7.0130237e-14
832 6.9963855e-14
833 6.9798533e-14
834 6.9634567e-14
835 6.9470185e-14
836 6.9306986e-14
837 6.9143874e-14
838 6.898224e-14
839 6.8820852e-14
840 6.8659961e-14
841 6.8500089e-14
842 6.8340652e-14
843 6.8182411e-14
844 6.802446e-14
845 6.7867288e-14
846 6.7710137e-14
847 6.7554241e-14
848 6.7397882e-14
849 6.7242743e-14
850 6.7088757e-14
851 6.6934977e-14
852 6.6782621e-14
853 6.6630406e-14
854 6.6479524e-14
855 6.6328884e-14
856 6.61792e-14
857 6.6029955e-14
858 6.5880714e-14
859 6.5732217e-14
860 6.5584405e-14
861 6.5438083e-14
862 6.5291728e-14
863 6.5145295e-14
864 6.4999842e-14
865 6.4854675e-14
866 6.4710226e-14
867 6.4566507e-14
868 6.4423198e-14
869 6.4280538e-14
870 6.4138698e-14
871 6.399658e-14
872 6.3856431e-14
873 6.3714986e-14
874 6.3576425e-14
875 6.3437341e-14
876 6.3298784e-14
877 6.3160511e-14
878 6.302337e-14
879 6.2887186e-14
880 6.2749785e-14
881 6.2613989e-14
882 6.2478561e-14
883 6.2344551e-14
884 6.2209752e-14
885 6.2076204e-14
886 6.1943077e-14
887 6.181055e-14
888 6.1678618e-14
889 6.1546961e-14
890 6.1415489e-14
891 6.1285028e-14
892 6.1154416e-14
893 6.1025001e-14
894 6.0895475e-14
895 6.0767005e-14
896 6.0638615e-14
897 6.0510443e-14
898 6.038318e-14
899 6.0256061e-14
900 6.0130186e-14
901 6.0004231e-14
902 5.9878823e-14
903 5.9753889e-14
904 5.9629073e-14
905 5.9504854e-14
906 5.9381294e-14
907 5.9258009e-14
908 5.9135622e-14
909 5.9012593e-14
910 5.8889982e-14
911 5.8768467e-14
912 5.8647751e-14
913 5.8526947e-14
914 5.8406239e-14
915 5.8286042e-14
916 5.8166201e-14
917 5.8046799e-14
918 5.7927391e-14
919 5.7808536e-14
920 5.7690613e-14
921 5.7572796e-14
922 5.7455384e-14
923 5.7338255e-14
924 5.7221743e-14
925 5.710578e-14
926 5.6989802e-14
927 5.6874815e-14
928 5.6759346e-14
929 5.6644921e-14
930 5.6531011e-14
931 5.6417476e-14
932 5.6303977e-14
933 5.6190701e-14
934 5.6078477e-14
935 5.5966154e-14
936 5.5854496e-14
937 5.5742512e-14
938 5.5630947e-14
939 5.5520232e-14
940 5.5409134e-14
941 5.5298802e-14
942 5.5189099e-14
943 5.5079436e-14
944 5.4970218e-14
945 5.4861562e-14
946 5.475327e-14
947 5.4645087e-14
948 5.4537102e-14
949 5.4430297e-14
950 5.4323485e-14
951 5.4216688e-14
952 5.4110489e-14
953 5.4003834e-14
954 5.389817e-14
955 5.3792698e-14
956 5.3687445e-14
957 5.3582413e-14
958 5.3477721e-14
959 5.337371e-14
960 5.3269657e-14
961 5.3165923e-14
962 5.3062469e-14
963 5.2959549e-14
964 5.2856317e-14
965 5.275422e-14
966 5.2652111e-14
967 5.2550892e-14
968 5.2449556e-14
969 5.2348506e-14
970 5.2247626e-14
971 5.2147207e-14
972 5.2047151e-14
973 5.1947309e-14
974 5.1847549e-14
975 5.1748632e-14
976 5.1649357e-14
977 5.1550296e-14
978 5.1451971e-14
979 5.1353885e-14
980 5.1256271e-14
981 5.1158371e-14
982 5.106085e-14
983 5.0963753e-14
984 5.0866762e-14
985 5.0770457e-14
986 5.0674472e-14
987 5.0578531e-14
988 5.048283e-14
989 5.0386898e-14
990 5.0291854e-14
991 5.0197138e-14
992 5.01019e-14
993 5.0007373e-14
994 4.9913538e-14
995 4.9819889e-14
996 4.9726564e-14
997 4.9633277e-14
998 4.9539731e-14
999 4.9446569e-14
1000 4.9353714e-14
1001 4.9261178e-14
1002 4.9168726e-14
1003 4.9076477e-14
1004 4.8984686e-14
1005 4.889333e-14
1006 4.8802125e-14
1007 4.8711275e-14
1008 4.8620121e-14
1009 4.8529347e-14
1010 4.8439154e-14
1011 4.8349129e-14
1012 4.8258985e-14
1013 4.8169682e-14
1014 4.8080585e-14
1015 4.799158e-14
1016 4.7902934e-14
1017 4.7814445e-14
1018 4.7726341e-14
1019 4.7638602e-14
1020 4.7550788e-14
1021 4.7463478e-14
1022 4.7376119e-14
1023 4.7289179e-14
1024 4.7202233e-14
1025 4.7115474e-14
1026 4.7029073e-14
1027 4.6943193e-14
1028 4.6857266e-14
1029 4.6771445e-14
1030 4.6685607e-14
1031 4.6600273e-14
1032 4.6514963e-14
1033 4.6430045e-14
1034 4.6345402e-14
1035 4.6260887e-14
1036 4.6176918e-14
1037 4.6093037e-14
1038 4.6009349e-14
1039 4.5925751e-14
1040 4.5842639e-14
1041 4.5759923e-14
1042 4.5676989e-14
1043 4.5594539e-14
1044 4.5512241e-14
1045 4.5429944e-14
1046 4.5348337e-14
1047 4.5266883e-14
1048 4.5185441e-14
1049 4.5104759e-14
1050 4.5023533e-14
1051 4.4942718e-14
1052 4.4862411e-14
1053 4.4782094e-14
1054 4.4701831e-14
1055 4.4621938e-14
1056 4.4542521e-14
1057 4.4462856e-14
1058 4.4383512e-14
1059 4.4304652e-14
1060 4.4226291e-14
1061 4.41478e-14
1062 4.4069483e-14
1063 4.3991516e-14
1064 4.3913875e-14
1065 4.383638e-14
1066 4.375914e-14
1067 4.3681756e-14
1068 4.3604696e-14
1069 4.352767e-14
1070 4.3451325e-14
1071 4.3374931e-14
1072 4.3298905e-14
1073 4.3222923e-14
1074 4.314726e-14
1075 4.3071871e-14
1076 4.2996538e-14
1077 4.2921231e-14
1078 4.2846286e-14
1079 4.2771424e-14
1080 4.2697033e-14
1081 4.2622779e-14
1082 4.2548652e-14
1083 4.2474839e-14
1084 4.2401073e-14
1085 4.2327612e-14
1086 4.225443e-14
1087 4.2181394e-14
1088 4.2108256e-14
1089 4.2035702e-14
1090 4.196334e-14
1091 4.1891134e-14
1092 4.1819044e-14
1093 4.1747315e-14
1094 4.1676022e-14
1095 4.1604788e-14
1096 4.1533691e-14
1097 4.1462509e-14
1098 4.1391716e-14
1099 4.1320892e-14
1100 4.1250532e-14
1101 4.1180472e-14
1102 4.1110217e-14
1103 4.1040514e-14
1104 4.0970884e-14
1105 4.0901432e-14
1106 4.0832291e-14
1107 4.0763448e-14
1108 4.0694588e-14
1109 4.0625925e-14
1110 4.0557661e-14
1111 4.0489823e-14
1112 4.0421818e-14
1113 4.0354237e-14
1114 4.0287159e-14
1115 4.0219725e-14
1116 4.0152477e-14
1117 4.0085886e-14
1118 4.001913e-14
1119 3.9952618e-14
1120 3.9886139e-14
1121 3.9819883e-14
1122 3.975382e-14
1123 3.9687899e-14
1124 3.962215e-14
1125 3.95569e-14
1126 3.949157e-14
1127 3.9426669e-14
1128 3.9362184e-14
1129 3.9297543e-14
1130 3.9232882e-14
1131 3.9168702e-14
1132 3.9104474e-14
1133 3.9040629e-14
1134 3.8977017e-14
1135 3.8913626e-14
1136 3.8850558e-14
1137 3.8787646e-14
1138 3.8724536e-14
1139 3.8661933e-14
1140 3.8599602e-14
1141 3.853727e-14
1142 3.8475482e-14
1143 3.8413645e-14
1144 3.8351562e-14
1145 3.8290237e-14
1146 3.8228657e-14
1147 3.8167426e-14
1148 3.8106693e-14
1149 3.8046109e-14
1150 3.7985414e-14
1151 3.7924983e-14
1152 3.7864911e-14
1153 3.7804659e-14
1154 3.7744774e-14
1155 3.7684912e-14
1156 3.7625151e-14
1157 3.756585e-14
1158 3.7506838e-14
1159 3.7447856e-14
1160 3.7389111e-14
1161 3.7330567e-14
1162 3.7272172e-14
1163 3.7213943e-14
1164 3.7155852e-14
1165 3.7097839e-14
1166 3.703984e-14
1167 3.6982155e-14
1168 3.6924691e-14
1169 3.6867289e-14
1170 3.6810004e-14
1171 3.6752998e-14
1172 3.6695942e-14
1173 3.6639038e-14
1174 3.65824e-14
1175 3.652605e-14
1176 3.6469751e-14
1177 3.6413932e-14
1178 3.6358037e-14
1179 3.6302249e-14
1180 3.6246645e-14
1181 3.6191249e-14
1182 3.6136109e-14
1183 3.6081309e-14
1184 3.602605e-14
1185 3.5971061e-14
1186 3.5916339e-14
1187 3.5861977e-14
1188 3.5807627e-14
1189 3.5753429e-14
1190 3.5699398e-14
1191 3.5645769e-14
1192 3.5591827e-14
1193 3.5538154e-14
1194 3.5484612e-14
1195 3.5431319e-14
1196 3.5378111e-14
1197 3.5324597e-14
1198 3.5271803e-14
1199 3.5218879e-14
1200 3.5166432e-14
1201 3.511384e-14
1202 3.5061532e-14
1203 3.5009109e-14
1204 3.4957156e-14
1205 3.4905252e-14
1206 3.4853568e-14
1207 3.4801864e-14
1208 3.4750325e-14
1209 3.4699033e-14
1210 3.4647741e-14
1211 3.4596607e-14
1212 3.4545581e-14
1213 3.4494563e-14
1214 3.4443823e-14
1215 3.4393264e-14
1216 3.4342594e-14
1217 3.4292156e-14
1218 3.4241838e-14
1219 3.4191662e-14
1220 3.4141653e-14
1221 3.4091715e-14
1222 3.4041992e-14
1223 3.3992308e-14
1224 3.3942697e-14
1225 3.3893209e-14
1226 3.3844109e-14
1227 3.3794884e-14
1228 3.3745805e-14
1229 3.3696804e-14
1230 3.3647873e-14
1231 3.3598934e-14
1232 3.3550272e-14
1233 3.3501844e-14
1234 3.3453351e-14
1235 3.3405075e-14
1236 3.3356921e-14
1237 3.3308865e-14
1238 3.3260969e-14
1239 3.321319e-14
1240 3.3165386e-14
1241 3.3117922e-14
1242 3.3070558e-14
1243 3.3023303e-14
1244 3.2976267e-14
1245 3.2929131e-14
1246 3.2881942e-14
1247 3.2834725e-14
1248 3.2787806e-14
1249 3.2741005e-14
1250 3.2694394e-14
1251 3.2647779e-14
1252 3.2601097e-14
1253 3.2554733e-14
1254 3.2508483e-14
1255 3.2462255e-14
1256 3.2415966e-14
1257 3.2370175e-14
1258 3.2324321e-14
1259 3.2278495e-14
1260 3.223262e-14
1261 3.2187033e-14
1262 3.2141566e-14
1263 3.2096094e-14
1264 3.2050938e-14
1265 3.2005543e-14
1266 3.1960341e-14
1267 3.1915327e-14
1268 3.1870456e-14
1269 3.1825545e-14
1270 3.1780664e-14
1271 3.1735844e-14
1272 3.1690992e-14
1273 3.164644e-14
1274 3.1601966e-14
1275 3.1557575e-14
1276 3.1513308e-14
1277 3.1469167e-14
1278 3.1425082e-14
1279 3.1380856e-14
1280 3.1337048e-14
1281 3.1293043e-14
1282 3.1249245e-14
1283 3.1205467e-14
1284 3.1161917e-14
1285 3.1118345e-14
1286 3.1074809e-14
1287 3.1031458e-14
1288 3.0988226e-14
1289 3.0944976e-14
1290 3.0901744e-14
1291 3.0858754e-14
1292 3.081571e-14
1293 3.0772784e-14
1294 3.0729857e-14
1295 3.068711e-14
1296 3.0644432e-14
1297 3.0601846e-14
1298 3.0559385e-14
1299 3.0516901e-14
1300 3.0474558e-14
1301 3.0432203e-14
1302 3.0389933e-14
1303 3.0347696e-14
1304 3.0305634e-14
1305 3.026365e-14
1306 3.0221603e-14
1307 3.0179678e-14
1308 3.0137953e-14
1309 3.0096104e-14
1310 3.0054411e-14
1311 3.0012932e-14
1312 2.9971429e-14
1313 2.9929964e-14
1314 2.9888592e-14
1315 2.9847371e-14
1316 2.9806274e-14
1317 2.976504e-14
1318 2.9723996e-14
1319 2.968303e-14
1320 2.9642102e-14
1321 2.9601248e-14
1322 2.9560673e-14
1323 2.9519987e-14
1324 2.9479414e-14
1325 2.9438812e-14
1326 2.9398243e-14
1327 2.9357837e-14
1328 2.9317588e-14
1329 2.9277281e-14
1330 2.9237016e-14
1331 2.9196907e-14
1332 2.9156777e-14
1333 2.9116695e-14
1334 2.9076795e-14
1335 2.9036853e-14
1336 2.8997078e-14
1337 2.8957482e-14
1338 2.8917872e-14
1339 2.8878256e-14
1340 2.8838734e-14
1341 2.8799112e-14
1342 2.8759693e-14
1343 2.8720338e-14
1344 2.868108e-14
1345 2.8642001e-14
1346 2.8603022e-14
1347 2.8564026e-14
1348 2.8524896e-14
1349 2.8486064e-14
1350 2.8447259e-14
1351 2.8408555e-14
1352 2.8369854e-14
1353 2.8331255e-14
1354 2.8292757e-14
1355 2.825438e-14
1356 2.821606e-14
1357 2.8177744e-14
1358 2.8139417e-14
1359 2.8101309e-14
1360 2.806315e-14
1361 2.8025055e-14
1362 2.7987104e-14
1363 2.7949178e-14
1364 2.7911329e-14
1365 2.7873423e-14
1366 2.783572e-14
1367 2.7798103e-14
1368 2.7760581e-14
1369 2.7723171e-14
1370 2.7685757e-14
1371 2.764852e-14
1372 2.7611092e-14
1373 2.7573813e-14
1374 2.7536542e-14
1375 2.7499586e-14
1376 2.7462457e-14
1377 2.7425449e-14
1378 2.7388614e-14
1379 2.7351869e-14
1380 2.7315291e-14
1381 2.7278604e-14
1382 2.7242063e-14
1383 2.7205583e-14
1384 2.7169225e-14
1385 2.7132802e-14
1386 2.7096479e-14
1387 2.7060149e-14
1388 2.7024061e-14
1389 2.698793e-14
1390 2.6951877e-14
1391 2.691594e-14
1392 2.6880067e-14
1393 2.6844168e-14
1394 2.6808475e-14
1395 2.6772757e-14
1396 2.6737179e-14
1397 2.6701628e-14
1398 2.6666213e-14
1399 2.6630955e-14
1400 2.6595768e-14
1401 2.6560465e-14
1402 2.6525258e-14
1403 2.6490274e-14
1404 2.6455223e-14
1405 2.6420324e-14
1406 2.6385479e-14
1407 2.6350603e-14
1408 2.6315828e-14
1409 2.6281239e-14
1410 2.6246557e-14
1411 2.6211992e-14
1412 2.6177529e-14
1413 2.6143192e-14
1414 2.6109049e-14
1415 2.6074691e-14
1416 2.604054e-14
1417 2.6006415e-14
1418 2.5972328e-14
1419 2.5938417e-14
1420 2.5904569e-14
1421 2.5870736e-14
1422 2.5837122e-14
1423 2.5803539e-14
1424 2.5769978e-14
1425 2.573653e-14
1426 2.5703169e-14
1427 2.5669856e-14
1428 2.5636691e-14
1429 2.5603416e-14
1430 2.5570302e-14
1431 2.5537252e-14
1432 2.5504256e-14
1433 2.5471337e-14
1434 2.5438445e-14
1435 2.5405701e-14
1436 2.5373076e-14
1437 2.5340475e-14
1438 2.5307901e-14
1439 2.5275493e-14
1440 2.5243184e-14
1441 2.5210801e-14
1442 2.5178536e-14
1443 2.5146365e-14
1444 2.5114273e-14
1445 2.5082345e-14
1446 2.5050463e-14
1447 2.5018567e-14
1448 2.4986742e-14
1449 2.4954952e-14
1450 2.4923302e-14
1451 2.4891783e-14
1452 2.4860204e-14
1453 2.4828873e-14
1454 2.4797483e-14
1455 2.4766215e-14
1456 2.4734949e-14
1457 2.4703883e-14
1458 2.4672725e-14
1459 2.464167e-14
1460 2.4610657e-14
1461 2.4579817e-14
1462 2.4549019e-14
1463 2.4518311e-14
1464 2.4487687e-14
1465 2.4457122e-14
1466 2.4426514e-14
1467 2.4395959e-14
1468 2.4365647e-14
1469 2.4335271e-14
1470 2.430492e-14
1471 2.4274743e-14
1472 2.4244551e-14
1473 2.4214501e-14
1474 2.4184551e-14
1475 2.4154596e-14
1476 2.4124628e-14
1477 2.4094747e-14
1478 2.4064995e-14
1479 2.4035326e-14
1480 2.4005717e-14
1481 2.3976293e-14
1482 2.394679e-14
1483 2.3917361e-14
1484 2.3887975e-14
1485 2.3858732e-14
1486 2.3829551e-14
1487 2.3800318e-14
1488 2.3771233e-14
1489 2.3742241e-14
1490 2.3713325e-14
1491 2.3684441e-14
1492 2.3655636e-14
1493 2.3626818e-14
1494 2.3598098e-14
1495 2.3569448e-14
1496 2.3540872e-14
1497 2.351232e-14
1498 2.3483772e-14
1499 2.3455402e-14
1500 2.3427012e-14
1501 2.3398772e-14
1502 2.3370632e-14
1503 2.3342471e-14
1504 2.3314324e-14
1505 2.3286267e-14
1506 2.3258209e-14
1507 2.323023e-14
1508 2.3202387e-14
1509 2.3174525e-14
1510 2.3146748e-14
1511 2.3119088e-14
1512 2.3091367e-14
1513 2.3063726e-14
1514 2.3036204e-14
1515 2.3008672e-14
1516 2.2981203e-14
1517 2.2953858e-14
1518 2.2926429e-14
1519 2.2899152e-14
1520 2.2871888e-14
1521 2.2844693e-14
1522 2.2817598e-14
1523 2.2790456e-14
1524 2.2763419e-14
1525 2.273638e-14
1526 2.2709468e-14
1527 2.2682503e-14
1528 2.2655652e-14
1529 2.2628869e-14
1530 2.2602153e-14
1531 2.2575484e-14
1532 2.2548894e-14
1533 2.2522184e-14
1534 2.2495625e-14
1535 2.2469149e-14
1536 2.2442709e-14
1537 2.2416243e-14
1538 2.2389845e-14
1539 2.2363569e-14
1540 2.2337297e-14
1541 2.2311032e-14
1542 2.2284869e-14
1543 2.2258777e-14
1544 2.2232653e-14
1545 2.2206586e-14
1546 2.2180549e-14
1547 2.2154574e-14
1548 2.2128634e-14
1549 2.2102823e-14
1550 2.2076931e-14
1551 2.2051156e-14
1552 2.2025316e-14
1553 2.199962e-14
1554 2.1973872e-14
1555 2.19482e-14
1556 2.1922612e-14
1557 2.1897057e-14
1558 2.1871544e-14
1559 2.1846087e-14
1560 2.1820619e-14
1561 2.1795309e-14
1562 2.1769934e-14
1563 2.17446e-14
1564 2.1719331e-14
1565 2.1694083e-14
1566 2.1668905e-14
1567 2.1643756e-14
1568 2.1618631e-14
1569 2.1593559e-14
1570 2.1568431e-14
1571 2.154345e-14
1572 2.1518533e-14
1573 2.149352e-14
1574 2.146864e-14
1575 2.1443778e-14
1576 2.1418951e-14
1577 2.1394151e-14
1578 2.1369365e-14
1579 2.1344641e-14
1580 2.1319933e-14
1581 2.1295279e-14
1582 2.1270679e-14
1583 2.1246137e-14
1584 2.1221543e-14
1585 2.1196999e-14
1586 2.1172495e-14
1587 2.1148001e-14
1588 2.1123588e-14
1589 2.1099231e-14
1590 2.1074916e-14
1591 2.1050577e-14
1592 2.10263e-14
1593 2.1001958e-14
1594 2.0977652e-14
1595 2.095341e-14
1596 2.0929235e-14
1597 2.0905115e-14
1598 2.0880933e-14
1599 2.0856847e-14
1600 2.0832765e-14
1601 2.080873e-14
1602 2.0784665e-14
1603 2.0760696e-14
1604 2.0736745e-14
1605 2.0712878e-14
1606 2.0689022e-14
1607 2.0665154e-14
1608 2.0641314e-14
1609 2.0617479e-14
1610 2.0593721e-14
1611 2.0569964e-14
1612 2.0546312e-14
1613 2.0522667e-14
1614 2.0499003e-14
1615 2.0475352e-14
1616 2.0451755e-14
1617 2.0428171e-14
1618 2.0404689e-14
1619 2.0381166e-14
1620 2.0357658e-14
1621 2.0334201e-14
1622 2.0310743e-14
1623 2.0287382e-14
1624 2.0264024e-14
1625 2.0240665e-14
1626 2.0217372e-14
1627 2.0194156e-14
1628 2.0170855e-14
1629 2.0147597e-14
1630 2.0124446e-14
1631 2.0101248e-14
1632 2.0078113e-14
1633 2.0054993e-14
1634 2.0031942e-14
1635 2.0008892e-14
1636 1.9985896e-14
1637 1.9962852e-14
1638 1.9939892e-14
1639 1.9917023e-14
1640 1.989414e-14
1641 1.9871278e-14
1642 1.9848489e-14
1643 1.9825623e-14
1644 1.9802817e-14
1645 1.9780071e-14
1646 1.9757299e-14
1647 1.9734538e-14
1648 1.9711863e-14
1649 1.9689241e-14
1650 1.9666653e-14
1651 1.9644091e-14
1652 1.9621508e-14
1653 1.9598998e-14
1654 1.9576509e-14
1655 1.9553968e-14
1656 1.9531529e-14
1657 1.9509095e-14
1658 1.9486792e-14
1659 1.9464477e-14
1660 1.9442132e-14
1661 1.9419816e-14
1662 1.939749e-14
1663 1.9375261e-14
1664 1.9353001e-14
1665 1.9330819e-14
1666 1.9308694e-14
1667 1.9286609e-14
1668 1.9264495e-14
1669 1.9242416e-14
1670 1.9220335e-14
1671 1.9198294e-14
1672 1.917629e-14
1673 1.9154344e-14
1674 1.9132412e-14
1675 1.9110606e-14
1676 1.9088758e-14
1677 1.9066946e-14
1678 1.9045165e-14
1679 1.9023411e-14
1680 1.9001683e-14
1681 1.8979973e-14
1682 1.8958271e-14
1683 1.8936622e-14
1684 1.8915061e-14
1685 1.8893484e-14
1686 1.8872031e-14
1687 1.8850568e-14
1688 1.8829109e-14
1689 1.8807706e-14
1690 1.8786303e-14
1691 1.8764942e-14
1692 1.8743583e-14
1693 1.8722327e-14
1694 1.8701055e-14
1695 1.867984e-14
1696 1.8658692e-14
1697 1.8637534e-14
1698 1.8616423e-14
1699 1.8595305e-14
1700 1.8574273e-14
1701 1.8553272e-14
1702 1.8532252e-14
1703 1.8511284e-14
1704 1.8490397e-14
1705 1.846952e-14
1706 1.8448621e-14
1707 1.842783e-14
1708 1.8407057e-14
1709 1.838633e-14
1710 1.8365664e-14
1711 1.8344969e-14
1712 1.832439e-14
1713 1.8303851e-14
1714 1.8283315e-14
1715 1.8262777e-14
1716 1.8242334e-14
1717 1.8221884e-14
1718 1.8201462e-14
1719 1.8181095e-14
1720 1.8160731e-14
1721 1.8140442e-14
1722 1.8120203e-14
1723 1.8099977e-14
1724 1.8079769e-14
1725 1.8059618e-14
1726 1.8039444e-14
1727 1.8019404e-14
1728 1.7999408e-14
1729 1.7979415e-14
1730 1.7959419e-14
1731 1.7939541e-14
1732 1.7919648e-14
1733 1.7899782e-14
1734 1.7879979e-14
1735 1.7860218e-14
1736 1.7840493e-14
1737 1.782082e-14
1738 1.7801169e-14
1739 1.778158e-14
1740 1.7761998e-14
1741 1.7742456e-14
1742 1.7722988e-14
1743 1.7703536e-14
1744 1.7684117e-14
1745 1.7664727e-14
1746 1.7645398e-14
1747 1.7626124e-14
1748 1.7606855e-14
1749 1.7587645e-14
1750 1.7568456e-14
1751 1.7549314e-14
1752 1.7530201e-14
1753 1.7511123e-14
1754 1.7492076e-14
1755 1.7473108e-14
1756 1.7454133e-14
1757 1.7435233e-14
1758 1.7416387e-14
1759 1.7397529e-14
1760 1.7378757e-14
1761 1.7360002e-14
1762 1.7341277e-14
1763 1.7322619e-14
1764 1.7303961e-14
1765 1.728537e-14
1766 1.7266823e-14
1767 1.7248346e-14
1768 1.7229899e-14
1769 1.7211469e-14
1770 1.7193037e-14
1771 1.7174673e-14
1772 1.7156347e-14
1773 1.7138052e-14
1774 1.7119807e-14
1775 1.7101598e-14
1776 1.7083445e-14
1777 1.7065312e-14
1778 1.7047262e-14
1779 1.7029216e-14
1780 1.7011194e-14
1781 1.6993213e-14
1782 1.6975242e-14
1783 1.6957351e-14
1784 1.6939521e-14
1785 1.6921733e-14
1786 1.6903932e-14
1787 1.6886188e-14
1788 1.6868494e-14
1789 1.6850822e-14
1790 1.6833187e-14
1791 1.6815597e-14
1792 1.6798049e-14
1793 1.6780515e-14
1794 1.6763113e-14
1795 1.6745681e-14
1796 1.6728297e-14
1797 1.6710947e-14
1798 1.669363e-14
1799 1.6676342e-14
1800 1.6659113e-14
1801 1.6641906e-14
1802 1.6624763e-14
1803 1.6607612e-14
1804 1.6590502e-14
1805 1.6573402e-14
1806 1.6556356e-14
1807 1.6539387e-14
1808 1.6522424e-14
1809 1.650551e-14
1810 1.6488634e-14
1811 1.6471765e-14
1812 1.645491e-14
1813 1.6438134e-14
1814 1.6421336e-14
1815 1.6404567e-14
1816 1.638788e-14
1817 1.637122e-14
1818 1.6354623e-14
1819 1.6338e-14
1820 1.6321417e-14
1821 1.6304902e-14
1822 1.6288421e-14
1823 1.6271992e-14
1824 1.6255572e-14
1825 1.6239162e-14
1826 1.6222772e-14
1827 1.6206445e-14
1828 1.6190149e-14
1829 1.6173927e-14
1830 1.61577e-14
1831 1.6141493e-14
1832 1.6125346e-14
1833 1.6109193e-14
1834 1.6093108e-14
1835 1.6077058e-14
1836 1.6061041e-14
1837 1.6045048e-14
1838 1.6029094e-14
1839 1.6013165e-14
1840 1.5997254e-14
1841 1.5981343e-14
1842 1.5965472e-14
1843 1.5949618e-14
1844 1.5933824e-14
1845 1.591806e-14
1846 1.5902333e-14
1847 1.5886604e-14
1848 1.587093e-14
1849 1.5855288e-14
1850 1.5839656e-14
1851 1.5824094e-14
1852 1.5808557e-14
1853 1.5793051e-14
1854 1.5777539e-14
1855 1.5762063e-14
1856 1.5746607e-14
1857 1.5731222e-14
1858 1.5715803e-14
1859 1.5700418e-14
1860 1.568507e-14
1861 1.5669804e-14
1862 1.565447e-14
1863 1.56392e-14
1864 1.5623989e-14
1865 1.5608786e-14
1866 1.5593583e-14
1867 1.5578415e-14
1868 1.5563257e-14
1869 1.5548133e-14
1870 1.553308e-14
1871 1.5517999e-14
1872 1.5502925e-14
1873 1.5487928e-14
1874 1.5472942e-14
1875 1.5457984e-14
1876 1.5443039e-14
1877 1.5428121e-14
1878 1.5413226e-14
1879 1.539836e-14
1880 1.5383522e-14
1881 1.536868e-14
1882 1.5353873e-14
1883 1.5339094e-14
1884 1.532433e-14
1885 1.5309597e-14
1886 1.5294871e-14
1887 1.5280162e-14
1888 1.5265528e-14
1889 1.5250882e-14
1890 1.5236234e-14
1891 1.5221597e-14
1892 1.5207053e-14
1893 1.5192491e-14
1894 1.5177937e-14
1895 1.5163434e-14
1896 1.5148923e-14
1897 1.5134438e-14
1898 1.5119936e-14
1899 1.5105524e-14
1900 1.50911e-14
1901 1.507671e-14
1902 1.5062348e-14
1903 1.504801e-14
1904 1.5033652e-14
1905 1.5019317e-14
1906 1.5005014e-14
1907 1.4990745e-14
1908 1.4976453e-14
1909 1.4962185e-14
1910 1.4947973e-14
1911 1.4933759e-14
1912 1.4919532e-14
1913 1.4905367e-14
1914 1.4891223e-14
1915 1.4877081e-14
1916 1.486295e-14
1917 1.4848826e-14
1918 1.4834761e-14
1919 1.4820689e-14
1920 1.4806643e-14
1921 1.4792556e-14
1922 1.477853e-14
1923 1.476454e-14
1924 1.4750553e-14
1925 1.4736589e-14
1926 1.4722657e-14
1927 1.470869e-14
1928 1.4694752e-14
1929 1.4680823e-14
1930 1.4666933e-14
1931 1.4653074e-14
1932 1.4639219e-14
1933 1.4625371e-14
1934 1.4611556e-14
1935 1.4597747e-14
1936 1.4583962e-14
1937 1.4570199e-14
1938 1.4556442e-14
1939 1.4542718e-14
1940 1.4528998e-14
1941 1.4515302e-14
1942 1.4501606e-14
1943 1.448793e-14
1944 1.4474284e-14
1945 1.4460654e-14
1946 1.4447009e-14
1947 1.4433401e-14
1948 1.4419813e-14
1949 1.440623e-14
1950 1.4392632e-14
1951 1.4379054e-14
1952 1.4365521e-14
1953 1.4352036e-14
1954 1.4338519e-14
1955 1.4325006e-14
1956 1.4311532e-14
1957 1.4298061e-14
1958 1.4284626e-14
1959 1.4271199e-14
1960 1.4257798e-14
1961 1.4244391e-14
1962 1.4231023e-14
1963 1.4217649e-14
1964 1.4204314e-14
1965 1.4190956e-14
1966 1.417764e-14
1967 1.4164318e-14
1968 1.4151021e-14
1969 1.4137772e-14
1970 1.4124519e-14
1971 1.4111265e-14
1972 1.4098011e-14
1973 1.4084825e-14
1974 1.4071624e-14
1975 1.4058461e-14
1976 1.4045298e-14
1977 1.4032145e-14
1978 1.4019001e-14
1979 1.4005882e-14
1980 1.3992781e-14
1981 1.3979681e-14
1982 1.3966616e-14
1983 1.3953567e-14
1984 1.3940476e-14
1985 1.3927438e-14
1986 1.3914455e-14
1987 1.3901462e-14
1988 1.3888472e-14
1989 1.3875515e-14
1990 1.3862589e-14
1991 1.3849671e-14
1992 1.3836749e-14
1993 1.382386e-14
1994 1.3810985e-14
1995 1.3798139e-14
1996 1.3785337e-14
1997 1.3772518e-14
1998 1.3759708e-14
1999 1.3746926e-14
2000 1.3734122e-14
2001 1.3721391e-14
2002 1.370867e-14
2003 1.3695964e-14
2004 1.368325e-14
2005 1.3670566e-14
2006 1.365789e-14
2007 1.3645256e-14
2008 1.3632628e-14
2009 1.3620036e-14
2010 1.3607435e-14
2011 1.3594865e-14
2012 1.3582305e-14
2013 1.3569751e-14
2014 1.355726e-14
2015 1.3544766e-14
2016 1.3532299e-14
2017 1.351984e-14
2018 1.3507386e-14
2019 1.3494961e-14
2020 1.348256e-14
2021 1.3470169e-14
2022 1.3457795e-14
2023 1.3445469e-14
2024 1.3433163e-14
2025 1.3420853e-14
2026 1.3408585e-14
2027 1.3396308e-14
2028 1.338406e-14
2029 1.3371827e-14
2030 1.3359634e-14
2031 1.3347422e-14
2032 1.3335258e-14
2033 1.3323104e-14
2034 1.3310971e-14
2035 1.329886e-14
2036 1.3286785e-14
2037 1.3274715e-14
2038 1.3262657e-14
2039 1.3250633e-14
2040 1.323862e-14
2041 1.3226645e-14
2042 1.3214661e-14
2043 1.3202742e-14
2044 1.3190845e-14
2045 1.3178938e-14
2046 1.3167047e-14
2047 1.3155187e-14
2048 1.3143346e-14
2049 1.3131528e-14
2050 1.3119735e-14
2051 1.3107946e-14
2052 1.3096214e-14
2053 1.3084489e-14
2054 1.307278e-14
2055 1.3061097e-14
2056 1.3049427e-14
2057 1.3037768e-14
2058 1.3026139e-14
2059 1.3014524e-14
2060 1.3002947e-14
2061 1.2991359e-14
2062 1.2979812e-14
2063 1.2968286e-14
2064 1.2956781e-14
2065 1.2945308e-14
2066 1.2933833e-14
2067 1.2922422e-14
2068 1.2911008e-14
2069 1.2899648e-14
2070 1.2888283e-14
2071 1.2876922e-14
2072 1.2865586e-14
2073 1.2854278e-14
2074 1.2843e-14
2075 1.2831736e-14
2076 1.282051e-14
2077 1.2809301e-14
2078 1.27981e-14
2079 1.2786942e-14
2080 1.2775777e-14
2081 1.276462e-14
2082 1.2753501e-14
2083 1.2742401e-14
2084 1.2731307e-14
2085 1.2720265e-14
2086 1.2709239e-14
2087 1.2698253e-14
2088 1.2687256e-14
2089 1.2676311e-14
2090 1.2665398e-14
2091 1.265451e-14
2092 1.26436e-14
2093 1.2632733e-14
2094 1.2621872e-14
2095 1.2611037e-14
2096 1.2600221e-14
2097 1.2589429e-14
2098 1.2578645e-14
2099 1.2567895e-14
2100 1.2557169e-14
2101 1.254648e-14
2102 1.2535786e-14
2103 1.2525124e-14
2104 1.2514497e-14
2105 1.2503868e-14
2106 1.2493261e-14
2107 1.248269e-14
2108 1.247215e-14
2109 1.2461626e-14
2110 1.2451112e-14
2111 1.2440603e-14
2112 1.2430133e-14
2113 1.2419683e-14
2114 1.2409258e-14
2115 1.2398861e-14
2116 1.2388477e-14
2117 1.2378123e-14
2118 1.2367758e-14
2119 1.2357452e-14
2120 1.2347151e-14
2121 1.2336868e-14
2122 1.2326604e-14
2123 1.2316377e-14
2124 1.2306164e-14
2125 1.2295966e-14
2126 1.2285757e-14
2127 1.227558e-14
2128 1.2265423e-14
2129 1.2255293e-14
2130 1.2245176e-14
2131 1.22351e-14
2132 1.2225036e-14
2133 1.2214983e-14
2134 1.2204945e-14
2135 1.2194921e-14
2136 1.2184896e-14
2137 1.2174944e-14
2138 1.216499e-14
2139 1.2155049e-14
2140 1.2145137e-14
2141 1.2135233e-14
2142 1.2125326e-14
2143 1.2115457e-14
2144 1.2105609e-14
2145 1.2095771e-14
2146 1.208596e-14
2147 1.2076169e-14
2148 1.2066386e-14
2149 1.2056627e-14
2150 1.2046891e-14
2151 1.2037155e-14
2152 1.2027445e-14
2153 1.2017752e-14
2154 1.2008075e-14
2155 1.1998421e-14
2156 1.1988788e-14
2157 1.1979167e-14
2158 1.1969546e-14
2159 1.1959947e-14
2160 1.1950378e-14
2161 1.194084e-14
2162 1.1931283e-14
2163 1.1921766e-14
2164 1.1912268e-14
2165 1.1902785e-14
2166 1.1893296e-14
2167 1.1883845e-14
2168 1.1874389e-14
2169 1.1864937e-14
2170 1.1855525e-14
2171 1.1846108e-14
2172 1.1836722e-14
2173 1.182735e-14
2174 1.1817998e-14
2175 1.1808651e-14
2176 1.1799324e-14
2177 1.1790028e-14
2178 1.1780716e-14
2179 1.1771401e-14
2180 1.1762145e-14
2181 1.1752869e-14
2182 1.1743624e-14
2183 1.1734398e-14
2184 1.1725191e-14
2185 1.1715978e-14
2186 1.1706792e-14
2187 1.1697621e-14
2188 1.168846e-14
2189 1.1679311e-14
2190 1.1670175e-14
2191 1.1661059e-14
2192 1.1651936e-14
2193 1.164283e-14
2194 1.1633738e-14
2195 1.1624674e-14
2196 1.1615614e-14
2197 1.1606577e-14
2198 1.1597545e-14
2199 1.1588523e-14
2200 1.1579514e-14
2201 1.1570508e-14
2202 1.1561529e-14
2203 1.1552564e-14
2204 1.1543603e-14
2205 1.1534655e-14
2206 1.1525717e-14
2207 1.1516784e-14
2208 1.1507858e-14
2209 1.1498956e-14
2210 1.1490056e-14
2211 1.1481168e-14
2212 1.1472306e-14
2213 1.1463449e-14
2214 1.1454598e-14
2215 1.1445759e-14
2216 1.1436935e-14
2217 1.1428099e-14
2218 1.1419288e-14
2219 1.1410502e-14
2220 1.1401696e-14
2221 1.1392906e-14
2222 1.1384137e-14
2223 1.1375386e-14
2224 1.1366642e-14
2225 1.1357905e-14
2226 1.1349166e-14
2227 1.134045e-14
2228 1.1331745e-14
2229 1.1323034e-14
2230 1.1314332e-14
2231 1.1305659e-14
2232 1.1296979e-14
2233 1.1288318e-14
2234 1.1279665e-14
2235 1.1271014e-14
2236 1.1262362e-14
2237 1.1253738e-14
2238 1.1245109e-14
2239 1.1236511e-14
2240 1.12279e-14
2241 1.1219303e-14
2242 1.1210719e-14
2243 1.1202149e-14
2244 1.1193574e-14
2245 1.1185008e-14
2246 1.1176435e-14
2247 1.1167881e-14
2248 1.1159339e-14
2249 1.1150832e-14
2250 1.1142312e-14
2251 1.1133801e-14
2252 1.1125287e-14
2253 1.1116786e-14
2254 1.1108297e-14
2255 1.1099815e-14
2256 1.109134e-14
2257 1.108288e-14
2258 1.1074426e-14
2259 1.1065955e-14
2260 1.1057511e-14
2261 1.1049069e-14
2262 1.1040634e-14
2263 1.1032213e-14
2264 1.1023806e-14
2265 1.1015397e-14
2266 1.1007006e-14
2267 1.0998612e-14
2268 1.0990232e-14
2269 1.0981862e-14
2270 1.0973485e-14
2271 1.0965135e-14
2272 1.0956792e-14
2273 1.094845e-14
2274 1.0940123e-14
2275 1.093179e-14
2276 1.092347e-14
2277 1.0915179e-14
2278 1.0906896e-14
2279 1.0898611e-14
2280 1.0890332e-14
2281 1.0882052e-14
2282 1.0873773e-14
2283 1.0865511e-14
2284 1.0857262e-14
2285 1.0849028e-14
2286 1.0840797e-14
2287 1.0832591e-14
2288 1.082438e-14
2289 1.0816177e-14
2290 1.0807973e-14
2291 1.0799779e-14
2292 1.0791602e-14
2293 1.0783431e-14
2294 1.0775263e-14
2295 1.0767117e-14
2296 1.0758973e-14
2297 1.0750832e-14
2298 1.0742701e-14
2299 1.0734575e-14
2300 1.0726474e-14
2301 1.071837e-14
2302 1.0710279e-14
2303 1.0702193e-14
2304 1.069412e-14
2305 1.0686061e-14
2306 1.0678013e-14
2307 1.0669978e-14
2308 1.0661931e-14
2309 1.0653907e-14
2310 1.0645902e-14
2311 1.063791e-14
2312 1.0629906e-14
2313 1.0621923e-14
2314 1.0613957e-14
2315 1.0605987e-14
2316 1.0598043e-14
2317 1.0590104e-14
2318 1.0582188e-14
2319 1.0574273e-14
2320 1.0566361e-14
2321 1.0558468e-14
2322 1.0550592e-14
2323 1.0542722e-14
2324 1.0534857e-14
2325 1.0526998e-14
2326 1.0519171e-14
2327 1.0511349e-14
2328 1.0503527e-14
2329 1.0495726e-14
2330 1.0487923e-14
2331 1.0480125e-14
2332 1.0472355e-14
2333 1.0464601e-14
2334 1.0456853e-14
2335 1.0449121e-14
2336 1.0441401e-14
2337 1.0433687e-14
2338 1.0425982e-14
2339 1.04183e-14
2340 1.0410638e-14
2341 1.0402981e-14
2342 1.0395311e-14
2343 1.0387679e-14
2344 1.0380061e-14
2345 1.0372455e-14
2346 1.0364862e-14
2347 1.0357286e-14
2348 1.0349735e-14
2349 1.034217e-14
2350 1.033463e-14
2351 1.0327098e-14
2352 1.0319578e-14
2353 1.0312086e-14
2354 1.0304594e-14
2355 1.029713e-14
2356 1.028967e-14
2357 1.0282215e-14
2358 1.027478e-14
2359 1.0267364e-14
2360 1.0259956e-14
2361 1.0252567e-14
2362 1.0245189e-14
2363 1.0237839e-14
2364 1.0230492e-14
2365 1.0223183e-14
2366 1.0215875e-14
2367 1.0208583e-14
2368 1.0201302e-14
2369 1.0194042e-14
2370 1.0186786e-14
2371 1.0179534e-14
2372 1.0172316e-14
2373 1.016512e-14
2374 1.0157941e-14
2375 1.015077e-14
2376 1.0143619e-14
2377 1.0136485e-14
2378 1.0129368e-14
2379 1.0122267e-14
2380 1.011518e-14
2381 1.0108101e-14
2382 1.0101041e-14
2383 1.0094007e-14
2384 1.0086987e-14
2385 1.007998e-14
2386 1.0072988e-14
2387 1.0066026e-14
2388 1.0059074e-14
2389 1.0052131e-14
2390 1.00452e-14
2391 1.0038302e-14
2392 1.0031417e-14
2393 1.0024563e-14
2394 1.001772e-14
2395 1.0010899e-14
2396 1.0004075e-14
2397 9.9972784e-15
2398 9.9905123e-15
2399 9.9837565e-15
2400 9.9770157e-15
2401 9.9702896e-15
2402 9.9635845e-15
2403 9.9569012e-15
2404 9.9502316e-15
2405 9.9435766e-15
2406 9.9369338e-15
2407 9.9303249e-15
2408 9.9237265e-15
2409 9.9171477e-15
2410 9.9106011e-15
2411 9.904061e-15
2412 9.8975453e-15
2413 9.891032e-15
2414 9.8845434e-15
2415 9.8780621e-15
2416 9.8716179e-15
2417 9.865192e-15
2418 9.8587949e-15
2419 9.8524088e-15
2420 9.8460261e-15
2421 9.839682e-15
2422 9.8333443e-15
2423 9.8270327e-15
2424 9.8207336e-15
2425 9.8144624e-15
2426 9.8082013e-15
2427 9.8019622e-15
2428 9.7957418e-15
2429 9.7895451e-15
2430 9.7833623e-15
2431 9.7771953e-15
2432 9.7710585e-15
2433 9.7649303e-15
2434 9.7588227e-15
2435 9.75275e-15
2436 9.7466894e-15
2437 9.7406471e-15
2438 9.7346257e-15
2439 9.7286265e-15
2440 9.722646e-15
2441 9.7166802e-15
2442 9.7107382e-15
2443 9.7047997e-15
2444 9.6988889e-15
2445 9.6929924e-15
2446 9.6871243e-15
2447 9.6812687e-15
2448 9.6754438e-15
2449 9.669629e-15
2450 9.6638297e-15
2451 9.6580609e-15
2452 9.6523024e-15
2453 9.6465563e-15
2454 9.640842e-15
2455 9.6351413e-15
2456 9.6294446e-15
2457 9.6237852e-15
2458 9.6181494e-15
2459 9.6125271e-15
2460 9.6069252e-15
2461 9.6013429e-15
2462 9.5957775e-15
2463 9.5902362e-15
2464 9.5847022e-15
2465 9.5791935e-15
2466 9.5737009e-15
2467 9.5682267e-15
2468 9.5627826e-15
2469 9.5573463e-15
2470 9.5519393e-15
2471 9.5465397e-15
2472 9.5411702e-15
2473 9.5358147e-15
2474 9.5304762e-15
2475 9.5251526e-15
2476 9.5198485e-15
2477 9.5145812e-15
2478 9.5093187e-15
2479 9.5040834e-15
2480 9.4988606e-15
2481 9.4936566e-15
2482 9.4884748e-15
2483 9.4833167e-15
2484 9.4781675e-15
2485 9.4730264e-15
2486 9.4679167e-15
2487 9.4628279e-15
2488 9.4577554e-15
2489 9.4526939e-15
2490 9.4476529e-15
2491 9.4426308e-15
2492 9.4376169e-15
2493 9.4326222e-15
2494 9.4276564e-15
2495 9.422725e-15
2496 9.4177792e-15
2497 9.4128588e-15
2498 9.407959e-15
2499 9.4030716e-15
2500 9.3982076e-15
2501 9.3933509e-15
2502 9.3885168e-15
2503 9.3837076e-15
2504 9.3789005e-15
2505 9.374117e-15
2506 9.3693512e-15
2507 9.3645988e-15
2508 9.359862e-15
2509 9.3551545e-15
2510 9.3504648e-15
2511 9.3457924e-15
2512 9.3411235e-15
2513 9.336478e-15
2514 9.3318503e-15
2515 9.3272334e-15
2516 9.3226393e-15
2517 9.3180526e-15
2518 9.3134855e-15
2519 9.3089291e-15
2520 9.3043932e-15
2521 9.2998642e-15
2522 9.2953539e-15
2523 9.2908575e-15
2524 9.2863734e-15
2525 9.2819041e-15
2526 9.2774458e-15
2527 9.2730142e-15
2528 9.2685985e-15
2529 9.2641956e-15
2530 9.2598153e-15
2531 9.2554355e-15
2532 9.251076e-15
2533 9.2467204e-15
2534 9.2423868e-15
2535 9.2380609e-15
2536 9.2337493e-15
2537 9.2294606e-15
2538 9.2251794e-15
2539 9.2209153e-15
2540 9.216668e-15
2541 9.2124236e-15
2542 9.2081898e-15
2543 9.203977e-15
2544 9.1997696e-15
2545 9.1955721e-15
2546 9.1913901e-15
2547 9.1872319e-15
2548 9.1830675e-15
2549 9.1789152e-15
2550 9.1747844e-15
2551 9.1706647e-15
2552 9.1665538e-15
2553 9.1624478e-15
2554 9.1583695e-15
2555 9.1542778e-15
2556 9.150214e-15
2557 9.1461601e-15
2558 9.1421074e-15
2559 9.1380774e-15
2560 9.1340485e-15
2561 9.130036e-15
2562 9.1260265e-15
2563 9.1220312e-15
2564 9.118043e-15
2565 9.1140707e-15
2566 9.1101018e-15
2567 9.1061376e-15
2568 9.1021957e-15
2569 9.0982578e-15
2570 9.0943271e-15
2571 9.090405e-15
2572 9.0864847e-15
2573 9.0825869e-15
2574 9.0787012e-15
2575 9.0748244e-15
2576 9.0709462e-15
2577 9.0670759e-15
2578 9.0632158e-15
2579 9.0593623e-15
2580 9.0555165e-15
2581 9.0516875e-15
2582 9.0478626e-15
2583 9.0440385e-15
2584 9.0402225e-15
2585 9.0364233e-15
2586 9.0326335e-15
2587 9.0288529e-15
2588 9.0250655e-15
2589 9.0212883e-15
2590 9.0175176e-15
2591 9.0137549e-15
2592 9.01e-15
2593 9.0062496e-15
2594 9.0025148e-15
2595 8.9987797e-15
2596 8.9950508e-15
2597 8.9913316e-15
2598 8.9876284e-15
2599 8.983922e-15
2600 8.9802132e-15
2601 8.9765211e-15
2602 8.9728401e-15
2603 8.969162e-15
2604 8.965489e-15
2605 8.9618178e-15
2606 8.9581634e-15
2607 8.9545107e-15
2608 8.9508637e-15
2609 8.947216e-15
2610 8.9435808e-15
2611 8.9399452e-15
2612 8.9363107e-15
2613 8.9326911e-15
2614 8.9290791e-15
2615 8.9254658e-15
2616 8.9218595e-15
2617 8.9182497e-15
2618 8.9146579e-15
2619 8.9110594e-15
2620 8.9074757e-15
2621 8.9039056e-15
2622 8.90033e-15
2623 8.896758e-15
2624 8.8931919e-15
2625 8.8896401e-15
2626 8.8860909e-15
2627 8.8825361e-15
2628 8.8789954e-15
2629 8.8754578e-15
2630 8.8719264e-15
2631 8.8683954e-15
2632 8.8648793e-15
2633 8.8613561e-15
2634 8.857836e-15
2635 8.8543176e-15
2636 8.8508118e-15
2637 8.8473095e-15
2638 8.8438101e-15
2639 8.8403207e-15
2640 8.8368317e-15
2641 8.833347e-15
2642 8.82987e-15
2643 8.8263931e-15
2644 8.8229213e-15
2645 8.8194611e-15
2646 8.8160135e-15
2647 8.8125564e-15
2648 8.8091074e-15
2649 8.8056663e-15
2650 8.8022253e-15
2651 8.7987841e-15
2652 8.7953646e-15
2653 8.7919449e-15
2654 8.7885271e-15
2655 8.7851096e-15
2656 8.7817029e-15
2657 8.7782923e-15
2658 8.774901e-15
2659 8.771503e-15
2660 8.7681124e-15
2661 8.7647223e-15
2662 8.7613349e-15
2663 8.7579631e-15
2664 8.7545889e-15
2665 8.7512325e-15
2666 8.7478672e-15
2667 8.7445121e-15
2668 8.74117e-15
2669 8.7378245e-15
2670 8.7344912e-15
2671 8.7311595e-15
2672 8.7278347e-15
2673 8.72451e-15
2674 8.7211944e-15
2675 8.7178857e-15
2676 8.7145828e-15
2677 8.7112869e-15
2678 8.7079957e-15
2679 8.7047124e-15
2680 8.7014291e-15
2681 8.6981584e-15
2682 8.6948941e-15
2683 8.6916374e-15
2684 8.6883784e-15
2685 8.6851253e-15
2686 8.6818835e-15
2687 8.6786509e-15
2688 8.6754198e-15
2689 8.672194e-15
2690 8.6689806e-15
2691 8.6657656e-15
2692 8.6625613e-15
2693 8.6593637e-15
2694 8.6561747e-15
2695 8.6529987e-15
2696 8.6498315e-15
2697 8.6466668e-15
2698 8.6435117e-15
2699 8.6403613e-15
2700 8.63722e-15
2701 8.6340842e-15
2702 8.6309605e-15
2703 8.6278425e-15
2704 8.6247279e-15
2705 8.621626e-15
2706 8.6185392e-15
2707 8.6154502e-15
2708 8.6123713e-15
2709 8.6092975e-15
2710 8.6062317e-15
2711 8.6031752e-15
2712 8.6001318e-15
2713 8.5970888e-15
2714 8.5940549e-15
2715 8.5910321e-15
2716 8.5880186e-15
2717 8.5850168e-15
2718 8.5820112e-15
2719 8.5790261e-15
2720 8.5760555e-15
2721 8.5730908e-15
2722 8.5701339e-15
2723 8.5671939e-15
2724 8.5642526e-15
2725 8.5613287e-15
2726 8.5584061e-15
2727 8.5555014e-15
2728 8.5526074e-15
2729 8.5497215e-15
2730 8.5468452e-15
2731 8.5439784e-15
2732 8.5411291e-15
2733 8.5382772e-15
2734 8.5354426e-15
2735 8.5326177e-15
2736 8.5298091e-15
2737 8.5270037e-15
2738 8.524212e-15
2739 8.521427e-15
2740 8.5186623e-15
2741 8.5159098e-15
2742 8.5131649e-15
2743 8.5104271e-15
2744 8.5076963e-15
2745 8.50499e-15
2746 8.5022804e-15
2747 8.4995909e-15
2748 8.496907e-15
2749 8.4942391e-15
2750 8.4915713e-15
2751 8.4889287e-15
2752 8.4863019e-15
2753 8.4836776e-15
2754 8.4810683e-15
2755 8.4784676e-15
2756 8.4758889e-15
2757 8.4733086e-15
2758 8.4707501e-15
2759 8.4681964e-15
2760 8.4656557e-15
2761 8.4631336e-15
2762 8.4606241e-15
2763 8.4581312e-15
2764 8.4556455e-15
2765 8.4531719e-15
2766 8.4507101e-15
2767 8.448263e-15
2768 8.4458319e-15
2769 8.4434109e-15
2770 8.440999e-15
2771 8.4386012e-15
2772 8.4362157e-15
2773 8.433846e-15
2774 8.4314815e-15
2775 8.4291418e-15
2776 8.4268059e-15
2777 8.4244855e-15
2778 8.4221755e-15
2779 8.4198841e-15
2780 8.4176043e-15
2781 8.4153324e-15
2782 8.4130693e-15
2783 8.4108281e-15
2784 8.4085966e-15
2785 8.4063797e-15
2786 8.4041775e-15
2787 8.4019887e-15
2788 8.3998118e-15
2789 8.3976505e-15
2790 8.3954926e-15
2791 8.3933534e-15
2792 8.3912325e-15
2793 8.3891249e-15
2794 8.3870253e-15
2795 8.3849317e-15
2796 8.3828651e-15
2797 8.3808019e-15
2798 8.3787548e-15
2799 8.3767213e-15
2800 8.3746922e-15
2801 8.3726815e-15
2802 8.3706815e-15
2803 8.3686946e-15
2804 8.3667257e-15
2805 8.364769e-15
2806 8.3628312e-15
2807 8.3608928e-15
2808 8.3589697e-15
2809 8.3570598e-15
2810 8.3551641e-15
2811 8.3532786e-15
2812 8.3514037e-15
2813 8.3495398e-15
2814 8.3476928e-15
2815 8.3458637e-15
2816 8.3440433e-15
2817 8.3422352e-15
2818 8.34044e-15
2819 8.3386502e-15
2820 8.3368687e-15
2821 8.3351098e-15
2822 8.3333621e-15
2823 8.3316126e-15
2824 8.3298848e-15
2825 8.3281716e-15
2826 8.326464e-15
2827 8.3247756e-15
2828 8.3230911e-15
2829 8.3214186e-15
2830 8.3197498e-15
2831 8.3180944e-15
2832 8.3164535e-15
2833 8.3148223e-15
2834 8.3131996e-15
2835 8.3115858e-15
2836 8.3099852e-15
2837 8.308396e-15
2838 8.3068205e-15
2839 8.305253e-15
2840 8.3036929e-15
2841 8.3021451e-15
2842 8.3006031e-15
2843 8.2990773e-15
2844 8.2975528e-15
2845 8.2960439e-15
2846 8.294542e-15
2847 8.2930501e-15
2848 8.2915686e-15
2849 8.2900939e-15
2850 8.288625e-15
2851 8.287162e-15
2852 8.2857067e-15
2853 8.2842686e-15
2854 8.282835e-15
2855 8.281406e-15
2856 8.2799851e-15
2857 8.2785717e-15
2858 8.2771621e-15
2859 8.2757626e-15
2860 8.2743676e-15
2861 8.2729784e-15
2862 8.271598e-15
2863 8.2702221e-15
2864 8.2688585e-15
2865 8.2674995e-15
2866 8.2661463e-15
2867 8.2647955e-15
2868 8.2634528e-15
2869 8.2621095e-15
2870 8.2607795e-15
2871 8.2594506e-15
2872 8.2581263e-15
2873 8.2568103e-15
2874 8.2555067e-15
2875 8.2542012e-15
2876 8.2529003e-15
2877 8.2516019e-15
2878 8.2503093e-15
2879 8.2490204e-15
2880 8.2477358e-15
2881 8.2464484e-15
2882 8.2451636e-15
2883 8.2438843e-15
2884 8.2426112e-15
2885 8.2413389e-15
2886 8.240071e-15
2887 8.2388074e-15
2888 8.2375469e-15
2889 8.23629e-15
2890 8.2350297e-15
2891 8.2337793e-15
2892 8.2325246e-15
2893 8.2312689e-15
2894 8.230018e-15
2895 8.2287653e-15
2896 8.2275232e-15
2897 8.2262687e-15
2898 8.2250221e-15
2899 8.2237769e-15
2900 8.2225325e-15
2901 8.2212854e-15
2902 8.2200433e-15
2903 8.2188044e-15
2904 8.2175619e-15
2905 8.2163266e-15
2906 8.2150896e-15
2907 8.2138462e-15
2908 8.2126024e-15
2909 8.2113605e-15
2910 8.2101222e-15
2911 8.2088802e-15
2912 8.2076373e-15
2913 8.2063983e-15
2914 8.2051593e-15
2915 8.2039145e-15
2916 8.2026686e-15
2917 8.2014207e-15
2918 8.2001682e-15
2919 8.1989166e-15
2920 8.1976662e-15
2921 8.1964153e-15
2922 8.1951658e-15
2923 8.1939178e-15
2924 8.1926644e-15
2925 8.1914097e-15
2926 8.190151e-15
2927 8.1888892e-15
2928 8.1876226e-15
2929 8.1863597e-15
2930 8.1850943e-15
2931 8.1838262e-15
2932 8.1825571e-15
2933 8.181287e-15
2934 8.1800185e-15
2935 8.1787436e-15
2936 8.1774673e-15
2937 8.1761885e-15
2938 8.1749065e-15
2939 8.1736253e-15
2940 8.1723387e-15
2941 8.171052e-15
2942 8.1697639e-15
2943 8.1684733e-15
2944 8.1671808e-15
2945 8.1658884e-15
2946 8.1645944e-15
2947 8.1632922e-15
2948 8.1619917e-15
2949 8.1606921e-15
2950 8.1593887e-15
2951 8.1580814e-15
2952 8.1567786e-15
2953 8.1554702e-15
2954 8.1541616e-15
2955 8.152851e-15
2956 8.1515425e-15
2957 8.1502343e-15
2958 8.1489211e-15
2959 8.1476079e-15
2960 8.14629e-15
2961 8.1449738e-15
2962 8.143656e-15
2963 8.1423356e-15
2964 8.1410164e-15
2965 8.1396917e-15
2966 8.1383773e-15
2967 8.1370579e-15
2968 8.135739e-15
2969 8.1344261e-15
2970 8.1331083e-15
2971 8.1317936e-15
2972 8.1304746e-15
2973 8.1291551e-15
2974 8.1278393e-15
2975 8.1265221e-15
2976 8.1252122e-15
2977 8.1238988e-15
2978 8.1225886e-15
2979 8.1212779e-15
2980 8.1199726e-15
2981 8.118669e-15
2982 8.1173679e-15
2983 8.1160691e-15
2984 8.1147736e-15
2985 8.113484e-15
2986 8.1121932e-15
2987 8.1109048e-15
2988 8.1096256e-15
2989 8.1083485e-15
2990 8.1070758e-15
2991 8.1058068e-15
2992 8.1045437e-15
2993 8.1032818e-15
2994 8.1020288e-15
2995 8.100782e-15
2996 8.0995402e-15
2997 8.0983099e-15
2998 8.0970836e-15
2999 8.0958615e-15
3000 8.0946515e-15
