# Fiducial parameters: cosmomc_theta = 0.0104092, logA = 3.044, ombh2 = 0.02237, omch2 = 0.12, ns = 0.9649, tau = 0.0544, h = 0.6733981423479604, lens_potential_accuracy = 8, lens_margin = 2050, AccuracyBoost = 2.0, lSampleBoost = 2.0, lAccuracyBoost = 2.0, kmax = 10, k_per_logint = 130, nonlinear = True, DoLateRadTruncation = False
30 2.1513769e-10
31 2.0194195e-10
32 1.8988718e-10
33 1.7883943e-10
34 1.686839e-10
35 1.5933682e-10
36 1.5070655e-10
37 1.4272901e-10
38 1.3533124e-10
39 1.2846856e-10
40 1.220907e-10
41 1.1614933e-10
42 1.1060632e-10
43 1.0542861e-10
44 1.0058786e-10
45 9.6054988e-11
46 9.1800931e-11
47 8.7800894e-11
48 8.4050364e-11
49 8.0518633e-11
50 7.7185511e-11
51 7.4047884e-11
52 7.1091381e-11
53 6.8292195e-11
54 6.5645723e-11
55 6.3141384e-11
56 6.0766591e-11
57 5.8512997e-11
58 5.6377464e-11
59 5.4343134e-11
60 5.2415496e-11
61 5.0577592e-11
62 4.8830152e-11
63 4.7170734e-11
64 4.5584772e-11
65 4.407149e-11
66 4.2627217e-11
67 4.125015e-11
68 3.9931528e-11
69 3.867171e-11
70 3.7465968e-11
71 3.6313188e-11
72 3.5211065e-11
73 3.4156208e-11
74 3.3143046e-11
75 3.217019e-11
76 3.1237925e-11
77 3.0343816e-11
78 2.9483756e-11
79 2.8657089e-11
80 2.7862761e-11
81 2.7097354e-11
82 2.6363375e-11
83 2.5655259e-11
84 2.4975983e-11
85 2.4320565e-11
86 2.3688343e-11
87 2.3079692e-11
88 2.2492649e-11
89 2.1925843e-11
90 2.1379169e-11
91 2.0851483e-11
92 2.0344146e-11
93 1.9851205e-11
94 1.9375049e-11
95 1.891638e-11
96 1.8473729e-11
97 1.8045113e-11
98 1.7630077e-11
99 1.7228686e-11
100 1.683919e-11
101 1.6463002e-11
102 1.609826e-11
103 1.57441e-11
104 1.5403562e-11
105 1.5072761e-11
106 1.4750165e-11
107 1.4438612e-11
108 1.4136011e-11
109 1.3843327e-11
110 1.3558969e-11
111 1.3282487e-11
112 1.3014692e-11
113 1.2754329e-11
114 1.2501599e-11
115 1.2256363e-11
116 1.2017439e-11
117 1.1785138e-11
118 1.1560061e-11
119 1.1341572e-11
120 1.1128084e-11
121 1.092008e-11
122 1.0718226e-11
123 1.0521709e-11
124 1.0331265e-11
125 1.0145549e-11
126 9.9648351e-12
127 9.7886514e-12
128 9.6169146e-12
129 9.4492226e-12
130 9.2857492e-12
131 9.1263229e-12
132 8.9720946e-12
133 8.8210685e-12
134 8.6740598e-12
135 8.5308397e-12
136 8.3903834e-12
137 8.2541452e-12
138 8.12112e-12
139 7.9913596e-12
140 7.8650325e-12
141 7.7413878e-12
142 7.6205655e-12
143 7.50218e-12
144 7.3866682e-12
145 7.2739829e-12
146 7.1639498e-12
147 7.0562388e-12
148 6.9512457e-12
149 6.8488171e-12
150 6.7484739e-12
151 6.6506019e-12
152 6.5544751e-12
153 6.4607588e-12
154 6.3688525e-12
155 6.2790282e-12
156 6.1912805e-12
157 6.105475e-12
158 6.0213057e-12
159 5.9389212e-12
160 5.8584273e-12
161 5.7797479e-12
162 5.7028129e-12
163 5.6278005e-12
164 5.5535152e-12
165 5.4813058e-12
166 5.4103918e-12
167 5.3409251e-12
168 5.2726631e-12
169 5.2060561e-12
170 5.1405549e-12
171 5.0762062e-12
172 5.0134348e-12
173 4.9517542e-12
174 4.8914316e-12
175 4.8322681e-12
176 4.7741426e-12
177 4.7172593e-12
178 4.6611698e-12
179 4.6062819e-12
180 4.5525452e-12
181 4.4996223e-12
182 4.447838e-12
183 4.3967837e-12
184 4.3469791e-12
185 4.2977835e-12
186 4.2496321e-12
187 4.202497e-12
188 4.1563165e-12
189 4.1109092e-12
190 4.0662395e-12
191 4.0222035e-12
192 3.9789701e-12
193 3.9364481e-12
194 3.8946288e-12
195 3.8536406e-12
196 3.8134061e-12
197 3.7737281e-12
198 3.7349133e-12
199 3.696562e-12
200 3.658837e-12
201 3.6217394e-12
202 3.5852704e-12
203 3.5493837e-12
204 3.5141019e-12
205 3.4794064e-12
206 3.4452739e-12
207 3.411687e-12
208 3.3786549e-12
209 3.3459885e-12
210 3.3138563e-12
211 3.2821966e-12
212 3.2510758e-12
213 3.2204644e-12
214 3.1903452e-12
215 3.1607929e-12
216 3.1315292e-12
217 3.102763e-12
218 3.0743771e-12
219 3.0465182e-12
220 3.0188761e-12
221 2.9918447e-12
222 2.9650852e-12
223 2.9386887e-12
224 2.9126102e-12
225 2.8868682e-12
226 2.8615159e-12
227 2.8365678e-12
228 2.8119325e-12
229 2.7877373e-12
230 2.7638149e-12
231 2.7402284e-12
232 2.716969e-12
233 2.6939218e-12
234 2.6712239e-12
235 2.6488458e-12
236 2.6266716e-12
237 2.6048377e-12
238 2.5832934e-12
239 2.5620146e-12
240 2.5410077e-12
241 2.5201711e-12
242 2.4997291e-12
243 2.4794667e-12
244 2.4594114e-12
245 2.4396845e-12
246 2.4201805e-12
247 2.4009585e-12
248 2.3818802e-12
249 2.363062e-12
250 2.3444179e-12
251 2.3259983e-12
252 2.3077752e-12
253 2.289806e-12
254 2.2719873e-12
255 2.2544693e-12
256 2.2371226e-12
257 2.2199021e-12
258 2.2028513e-12
259 2.185939e-12
260 2.1692773e-12
261 2.1527894e-12
262 2.1364797e-12
263 2.1203856e-12
264 2.1044033e-12
265 2.0886659e-12
266 2.073025e-12
267 2.0575687e-12
268 2.0422753e-12
269 2.0271231e-12
270 2.012075e-12
271 1.9972095e-12
272 1.982544e-12
273 1.9679622e-12
274 1.9535076e-12
275 1.9392498e-12
276 1.9250999e-12
277 1.9110694e-12
278 1.8972044e-12
279 1.8834352e-12
280 1.8697985e-12
281 1.8563469e-12
282 1.8429965e-12
283 1.8297432e-12
284 1.8166726e-12
285 1.8036708e-12
286 1.790839e-12
287 1.7781108e-12
288 1.7655114e-12
289 1.752984e-12
290 1.7405918e-12
291 1.7283169e-12
292 1.7161509e-12
293 1.704022e-12
294 1.6920788e-12
295 1.6802436e-12
296 1.6684769e-12
297 1.6568243e-12
298 1.6452183e-12
299 1.6338168e-12
300 1.6224858e-12
301 1.6112386e-12
302 1.6001099e-12
303 1.5890996e-12
304 1.5781591e-12
305 1.5673064e-12
306 1.5565186e-12
307 1.5458613e-12
308 1.5353083e-12
309 1.5248234e-12
310 1.514459e-12
311 1.504148e-12
312 1.4939271e-12
313 1.4838174e-12
314 1.4737928e-12
315 1.4638469e-12
316 1.4539656e-12
317 1.4441955e-12
318 1.434494e-12
319 1.4248845e-12
320 1.4153521e-12
321 1.4058949e-12
322 1.396559e-12
323 1.387294e-12
324 1.3781253e-12
325 1.3690128e-12
326 1.3599914e-12
327 1.3510345e-12
328 1.342131e-12
329 1.3333236e-12
330 1.3246017e-12
331 1.3159306e-12
332 1.3073454e-12
333 1.2988435e-12
334 1.2904066e-12
335 1.2820373e-12
336 1.2737384e-12
337 1.265507e-12
338 1.2573582e-12
339 1.2492748e-12
340 1.2412743e-12
341 1.2333091e-12
342 1.2254355e-12
343 1.2176516e-12
344 1.2098961e-12
345 1.2022086e-12
346 1.1945798e-12
347 1.1870136e-12
348 1.179528e-12
349 1.1721091e-12
350 1.1647634e-12
351 1.1574757e-12
352 1.1502121e-12
353 1.1430566e-12
354 1.1359331e-12
355 1.1288841e-12
356 1.1218666e-12
357 1.1149396e-12
358 1.1080348e-12
359 1.1012096e-12
360 1.0944378e-12
361 1.08774e-12
362 1.0810687e-12
363 1.0744725e-12
364 1.0679307e-12
365 1.0614482e-12
366 1.0549994e-12
367 1.0486158e-12
368 1.0422775e-12
369 1.0359957e-12
370 1.0297731e-12
371 1.0236039e-12
372 1.0174623e-12
373 1.0113887e-12
374 1.0053585e-12
375 9.9937526e-13
376 9.9345251e-13
377 9.8757529e-13
378 9.8174327e-13
379 9.7595159e-13
380 9.7020992e-13
381 9.6451168e-13
382 9.5887071e-13
383 9.5325194e-13
384 9.4768907e-13
385 9.421683e-13
386 9.3668757e-13
387 9.3125836e-13
388 9.2589237e-13
389 9.2056534e-13
390 9.1528048e-13
391 9.1002937e-13
392 9.0481091e-13
393 8.9964049e-13
394 8.945125e-13
395 8.8943409e-13
396 8.8439097e-13
397 8.7936839e-13
398 8.7439547e-13
399 8.6947073e-13
400 8.6458703e-13
401 8.5973436e-13
402 8.5492899e-13
403 8.5016112e-13
404 8.4543062e-13
405 8.4072381e-13
406 8.3606968e-13
407 8.314454e-13
408 8.2684595e-13
409 8.2229836e-13
410 8.1780101e-13
411 8.1331912e-13
412 8.0888542e-13
413 8.0447728e-13
414 8.0010272e-13
415 7.9575801e-13
416 7.9145269e-13
417 7.8718706e-13
418 7.829569e-13
419 7.7875857e-13
420 7.7458256e-13
421 7.70449e-13
422 7.6635896e-13
423 7.6228732e-13
424 7.5825147e-13
425 7.5423537e-13
426 7.5027193e-13
427 7.4632095e-13
428 7.4241511e-13
429 7.3851658e-13
430 7.3466561e-13
431 7.3085228e-13
432 7.2707234e-13
433 7.2331817e-13
434 7.1959027e-13
435 7.1589905e-13
436 7.1222093e-13
437 7.0858172e-13
438 7.0497144e-13
439 7.0139026e-13
440 6.9782917e-13
441 6.9430489e-13
442 6.9080111e-13
443 6.8732576e-13
444 6.838822e-13
445 6.8045771e-13
446 6.7707118e-13
447 6.7371226e-13
448 6.7038391e-13
449 6.6707506e-13
450 6.6378399e-13
451 6.6052663e-13
452 6.5729243e-13
453 6.5407784e-13
454 6.5090144e-13
455 6.4774865e-13
456 6.44619e-13
457 6.4151122e-13
458 6.3842424e-13
459 6.3536313e-13
460 6.3232721e-13
461 6.2931491e-13
462 6.2632779e-13
463 6.2336147e-13
464 6.2042254e-13
465 6.1750486e-13
466 6.1460174e-13
467 6.1172733e-13
468 6.0887059e-13
469 6.0603841e-13
470 6.032326e-13
471 6.0045063e-13
472 5.976989e-13
473 5.9496095e-13
474 5.9223537e-13
475 5.8953632e-13
476 5.8686015e-13
477 5.8420004e-13
478 5.8156292e-13
479 5.7895371e-13
480 5.7635647e-13
481 5.7378066e-13
482 5.7122675e-13
483 5.686872e-13
484 5.6616973e-13
485 5.6367395e-13
486 5.611881e-13
487 5.5872632e-13
488 5.5628765e-13
489 5.5386753e-13
490 5.5146726e-13
491 5.4907133e-13
492 5.4670064e-13
493 5.4434979e-13
494 5.4201678e-13
495 5.3969893e-13
496 5.3739931e-13
497 5.3512103e-13
498 5.3285621e-13
499 5.3061166e-13
500 5.2837165e-13
501 5.261587e-13
502 5.2396008e-13
503 5.2177667e-13
504 5.1961523e-13
505 5.174603e-13
506 5.1533007e-13
507 5.1320884e-13
508 5.1110558e-13
509 5.090109e-13
510 5.0693313e-13
511 5.0487193e-13
512 5.0282487e-13
513 5.0079642e-13
514 4.9878092e-13
515 4.9678e-13
516 4.9479593e-13
517 4.9282527e-13
518 4.9085845e-13
519 4.8891423e-13
520 4.8698335e-13
521 4.850628e-13
522 4.8316552e-13
523 4.8126808e-13
524 4.7938801e-13
525 4.775243e-13
526 4.7567077e-13
527 4.7383336e-13
528 4.7200329e-13
529 4.70193e-13
530 4.6838385e-13
531 4.6659241e-13
532 4.6481961e-13
533 4.6304698e-13
534 4.6129387e-13
535 4.5955016e-13
536 4.5781712e-13
537 4.5609468e-13
538 4.5438891e-13
539 4.5268928e-13
540 4.5100341e-13
541 4.4932565e-13
542 4.4765771e-13
543 4.4599958e-13
544 4.4435441e-13
545 4.4271818e-13
546 4.4109251e-13
547 4.3947219e-13
548 4.3786484e-13
549 4.3626739e-13
550 4.3468429e-13
551 4.331062e-13
552 4.3154507e-13
553 4.299855e-13
554 4.2843724e-13
555 4.2689539e-13
556 4.2536658e-13
557 4.238479e-13
558 4.2233425e-13
559 4.2083239e-13
560 4.1933988e-13
561 4.1785532e-13
562 4.1637804e-13
563 4.1490854e-13
564 4.1345122e-13
565 4.1199726e-13
566 4.1055167e-13
567 4.0911939e-13
568 4.0768953e-13
569 4.0627422e-13
570 4.0486173e-13
571 4.0345317e-13
572 4.0205911e-13
573 4.0067505e-13
574 3.9929004e-13
575 3.9791558e-13
576 3.9655183e-13
577 3.9519121e-13
578 3.938393e-13
579 3.9249724e-13
580 3.9115882e-13
581 3.8982798e-13
582 3.885049e-13
583 3.8718799e-13
584 3.8587864e-13
585 3.8457598e-13
586 3.8328136e-13
587 3.8199158e-13
588 3.8071254e-13
589 3.7943347e-13
590 3.7816674e-13
591 3.7690122e-13
592 3.7564153e-13
593 3.7439041e-13
594 3.7314457e-13
595 3.7190764e-13
596 3.7067725e-13
597 3.6944845e-13
598 3.6822784e-13
599 3.670087e-13
600 3.6579852e-13
601 3.645937e-13
602 3.6339507e-13
603 3.6220392e-13
604 3.6101625e-13
605 3.5983542e-13
606 3.5865904e-13
607 3.5748879e-13
608 3.5632311e-13
609 3.5516468e-13
610 3.540087e-13
611 3.5285883e-13
612 3.5171334e-13
613 3.505759e-13
614 3.4944662e-13
615 3.4831858e-13
616 3.4719714e-13
617 3.4607948e-13
618 3.4496694e-13
619 3.4385571e-13
620 3.4274998e-13
621 3.4165173e-13
622 3.4055886e-13
623 3.3947047e-13
624 3.3838565e-13
625 3.3730769e-13
626 3.3623261e-13
627 3.3516284e-13
628 3.340996e-13
629 3.330398e-13
630 3.3198638e-13
631 3.3093687e-13
632 3.2988926e-13
633 3.2884622e-13
634 3.2780741e-13
635 3.2677418e-13
636 3.2574673e-13
637 3.2472367e-13
638 3.2370419e-13
639 3.226866e-13
640 3.2167483e-13
641 3.2066891e-13
642 3.1966806e-13
643 3.1866949e-13
644 3.1767403e-13
645 3.166855e-13
646 3.1570083e-13
647 3.147175e-13
648 3.1374116e-13
649 3.1276749e-13
650 3.1179649e-13
651 3.1083229e-13
652 3.0987096e-13
653 3.0891324e-13
654 3.0796005e-13
655 3.0700858e-13
656 3.0606569e-13
657 3.0512349e-13
658 3.0418566e-13
659 3.0325338e-13
660 3.023225e-13
661 3.0139707e-13
662 3.0047471e-13
663 2.9955471e-13
664 2.9863872e-13
665 2.9772725e-13
666 2.9681884e-13
667 2.9591661e-13
668 2.9501729e-13
669 2.9412217e-13
670 2.9323069e-13
671 2.923416e-13
672 2.9145656e-13
673 2.905748e-13
674 2.896978e-13
675 2.8882076e-13
676 2.8795083e-13
677 2.870841e-13
678 2.8621839e-13
679 2.8535718e-13
680 2.8449936e-13
681 2.8364444e-13
682 2.8279386e-13
683 2.8194597e-13
684 2.8110369e-13
685 2.8026194e-13
686 2.7942459e-13
687 2.7859022e-13
688 2.7776038e-13
689 2.7693252e-13
690 2.7610909e-13
691 2.752886e-13
692 2.7447152e-13
693 2.7365666e-13
694 2.7284596e-13
695 2.7203778e-13
696 2.7123216e-13
697 2.7043102e-13
698 2.6963225e-13
699 2.6883879e-13
700 2.6804777e-13
701 2.6725918e-13
702 2.6647275e-13
703 2.6569074e-13
704 2.6491045e-13
705 2.641345e-13
706 2.6336202e-13
707 2.6259152e-13
708 2.618244e-13
709 2.6106121e-13
710 2.6029969e-13
711 2.5954101e-13
712 2.5878717e-13
713 2.5803486e-13
714 2.5728446e-13
715 2.5653742e-13
716 2.5579424e-13
717 2.5505371e-13
718 2.5431612e-13
719 2.5358131e-13
720 2.5285099e-13
721 2.5212291e-13
722 2.5139684e-13
723 2.5067533e-13
724 2.4995411e-13
725 2.4923715e-13
726 2.4852441e-13
727 2.478129e-13
728 2.4710485e-13
729 2.464002e-13
730 2.4569763e-13
731 2.4499994e-13
732 2.4430462e-13
733 2.4361176e-13
734 2.4292122e-13
735 2.4223226e-13
736 2.4154899e-13
737 2.4086681e-13
738 2.4018672e-13
739 2.395114e-13
740 2.3883721e-13
741 2.3816592e-13
742 2.3749803e-13
743 2.3683238e-13
744 2.3616974e-13
745 2.3550945e-13
746 2.3485145e-13
747 2.3419763e-13
748 2.3354666e-13
749 2.3289786e-13
750 2.3225069e-13
751 2.3160743e-13
752 2.3096523e-13
753 2.3032622e-13
754 2.2968985e-13
755 2.2905674e-13
756 2.2842646e-13
757 2.2779797e-13
758 2.2717341e-13
759 2.2655143e-13
760 2.2593138e-13
761 2.2531304e-13
762 2.2469902e-13
763 2.2408638e-13
764 2.2347672e-13
765 2.2286918e-13
766 2.222659e-13
767 2.216654e-13
768 2.2106658e-13
769 2.2047004e-13
770 2.1987707e-13
771 2.1928613e-13
772 2.1869684e-13
773 2.1811056e-13
774 2.1752706e-13
775 2.1694514e-13
776 2.163672e-13
777 2.1579247e-13
778 2.1521938e-13
779 2.1464949e-13
780 2.140811e-13
781 2.1351561e-13
782 2.1295189e-13
783 2.1238985e-13
784 2.1183128e-13
785 2.1127465e-13
786 2.1072174e-13
787 2.1017066e-13
788 2.0962215e-13
789 2.0907581e-13
790 2.0853195e-13
791 2.0798977e-13
792 2.0745058e-13
793 2.0691359e-13
794 2.0637996e-13
795 2.0584831e-13
796 2.053187e-13
797 2.0479261e-13
798 2.042676e-13
799 2.0374547e-13
800 2.0322607e-13
801 2.0270868e-13
802 2.0219364e-13
803 2.0168158e-13
804 2.0117058e-13
805 2.0066225e-13
806 2.0015593e-13
807 1.9965289e-13
808 1.9915124e-13
809 1.9865203e-13
810 1.9815591e-13
811 1.9766191e-13
812 1.9716868e-13
813 1.9667953e-13
814 1.96192e-13
815 1.9570646e-13
816 1.9522189e-13
817 1.9473905e-13
818 1.9426061e-13
819 1.9378255e-13
820 1.9330691e-13
821 1.9283362e-13
822 1.923642e-13
823 1.9189478e-13
824 1.9142768e-13
825 1.9096192e-13
826 1.9049902e-13
827 1.9003786e-13
828 1.8957837e-13
829 1.8912107e-13
830 1.8866543e-13
831 1.8821277e-13
832 1.8776145e-13
833 1.8731244e-13
834 1.8686601e-13
835 1.864204e-13
836 1.8597717e-13
837 1.8553525e-13
838 1.85096e-13
839 1.8465818e-13
840 1.8422204e-13
841 1.8378809e-13
842 1.8335574e-13
843 1.8292574e-13
844 1.8249717e-13
845 1.8207052e-13
846 1.8164501e-13
847 1.8122187e-13
848 1.8079938e-13
849 1.8037921e-13
850 1.7996128e-13
851 1.7954464e-13
852 1.791305e-13
853 1.7871755e-13
854 1.78307e-13
855 1.7789773e-13
856 1.7749045e-13
857 1.7708463e-13
858 1.7667984e-13
859 1.762768e-13
860 1.7587544e-13
861 1.7547656e-13
862 1.7507863e-13
863 1.7468159e-13
864 1.742865e-13
865 1.7389264e-13
866 1.7350045e-13
867 1.7310992e-13
868 1.7272073e-13
869 1.7233311e-13
870 1.7194721e-13
871 1.7156194e-13
872 1.7117953e-13
873 1.7079671e-13
874 1.7041764e-13
875 1.7003892e-13
876 1.6966158e-13
877 1.6928538e-13
878 1.6891114e-13
879 1.685387e-13
880 1.6816586e-13
881 1.6779544e-13
882 1.674262e-13
883 1.6705918e-13
884 1.6669216e-13
885 1.6632717e-13
886 1.6596338e-13
887 1.6560095e-13
888 1.6523988e-13
889 1.6487984e-13
890 1.6452073e-13
891 1.6416336e-13
892 1.6380657e-13
893 1.634517e-13
894 1.6309744e-13
895 1.6274494e-13
896 1.6239321e-13
897 1.620424e-13
898 1.6169319e-13
899 1.6134479e-13
900 1.6099832e-13
901 1.6065242e-13
902 1.6030774e-13
903 1.5996417e-13
904 1.5962138e-13
905 1.5927982e-13
906 1.5893955e-13
907 1.5860018e-13
908 1.5826233e-13
909 1.5792445e-13
910 1.575876e-13
911 1.5725244e-13
912 1.5691868e-13
913 1.5658543e-13
914 1.5625285e-13
915 1.5592137e-13
916 1.5559081e-13
917 1.5526127e-13
918 1.5493228e-13
919 1.546044e-13
920 1.54278e-13
921 1.5395226e-13
922 1.5362747e-13
923 1.533035e-13
924 1.5298067e-13
925 1.5265893e-13
926 1.5233769e-13
927 1.5201797e-13
928 1.5169828e-13
929 1.5138014e-13
930 1.5106302e-13
931 1.5074678e-13
932 1.5043107e-13
933 1.5011609e-13
934 1.4980264e-13
935 1.4948958e-13
936 1.4917766e-13
937 1.488659e-13
938 1.4855504e-13
939 1.4824549e-13
940 1.4793603e-13
941 1.476278e-13
942 1.4732066e-13
943 1.4701402e-13
944 1.4670827e-13
945 1.4640354e-13
946 1.4609963e-13
947 1.4579626e-13
948 1.4549354e-13
949 1.4519244e-13
950 1.4489177e-13
951 1.4459154e-13
952 1.4429235e-13
953 1.4399313e-13
954 1.4369533e-13
955 1.4339814e-13
956 1.4310159e-13
957 1.4280569e-13
958 1.4251054e-13
959 1.4221649e-13
960 1.4192281e-13
961 1.4162986e-13
962 1.4133759e-13
963 1.4104627e-13
964 1.4075504e-13
965 1.4046536e-13
966 1.4017605e-13
967 1.3988804e-13
968 1.3960032e-13
969 1.3931327e-13
970 1.3902679e-13
971 1.3874116e-13
972 1.3845629e-13
973 1.3817202e-13
974 1.3788823e-13
975 1.3760566e-13
976 1.3732313e-13
977 1.3704119e-13
978 1.3676037e-13
979 1.3648018e-13
980 1.3620084e-13
981 1.359216e-13
982 1.3564312e-13
983 1.3536544e-13
984 1.3508825e-13
985 1.3481212e-13
986 1.3453668e-13
987 1.3426167e-13
988 1.3398728e-13
989 1.3371302e-13
990 1.3344003e-13
991 1.3316775e-13
992 1.3289531e-13
993 1.3262396e-13
994 1.3235368e-13
995 1.3208395e-13
996 1.3181492e-13
997 1.315463e-13
998 1.312778e-13
999 1.3101005e-13
1000 1.3074297e-13
1001 1.3047659e-13
1002 1.3021066e-13
1003 1.2994531e-13
1004 1.2968079e-13
1005 1.2941707e-13
1006 1.2915388e-13
1007 1.2889141e-13
1008 1.2862901e-13
1009 1.2836737e-13
1010 1.2810667e-13
1011 1.2784652e-13
1012 1.2758662e-13
1013 1.2732794e-13
1014 1.2706983e-13
1015 1.2681219e-13
1016 1.2655528e-13
1017 1.2629891e-13
1018 1.2604329e-13
1019 1.2578842e-13
1020 1.2553384e-13
1021 1.2528015e-13
1022 1.2502679e-13
1023 1.2477422e-13
1024 1.2452203e-13
1025 1.242704e-13
1026 1.2401951e-13
1027 1.2376952e-13
1028 1.2351986e-13
1029 1.232707e-13
1030 1.230219e-13
1031 1.2277398e-13
1032 1.2252648e-13
1033 1.2227975e-13
1034 1.2203368e-13
1035 1.2178813e-13
1036 1.2154351e-13
1037 1.2129937e-13
1038 1.2105581e-13
1039 1.2081273e-13
1040 1.2057053e-13
1041 1.2032911e-13
1042 1.2008787e-13
1043 1.1984751e-13
1044 1.196077e-13
1045 1.1936828e-13
1046 1.1912995e-13
1047 1.1889217e-13
1048 1.186548e-13
1049 1.1841859e-13
1050 1.1818224e-13
1051 1.179467e-13
1052 1.1771207e-13
1053 1.1747783e-13
1054 1.1724406e-13
1055 1.1701105e-13
1056 1.1677893e-13
1057 1.1654697e-13
1058 1.1631574e-13
1059 1.160854e-13
1060 1.1585597e-13
1061 1.1562682e-13
1062 1.1539826e-13
1063 1.1517046e-13
1064 1.149434e-13
1065 1.147169e-13
1066 1.1449106e-13
1067 1.1426551e-13
1068 1.1404069e-13
1069 1.1381632e-13
1070 1.1359306e-13
1071 1.1337016e-13
1072 1.1314805e-13
1073 1.1292641e-13
1074 1.1270551e-13
1075 1.124853e-13
1076 1.1226557e-13
1077 1.120463e-13
1078 1.118278e-13
1079 1.1160982e-13
1080 1.1139273e-13
1081 1.111762e-13
1082 1.1096023e-13
1083 1.10745e-13
1084 1.1053024e-13
1085 1.1031622e-13
1086 1.101029e-13
1087 1.0989015e-13
1088 1.0967774e-13
1089 1.0946633e-13
1090 1.0925555e-13
1091 1.0904535e-13
1092 1.088357e-13
1093 1.0862684e-13
1094 1.0841884e-13
1095 1.0821133e-13
1096 1.0800439e-13
1097 1.077978e-13
1098 1.0759202e-13
1099 1.0738665e-13
1100 1.0718216e-13
1101 1.0697841e-13
1102 1.0677489e-13
1103 1.0657235e-13
1104 1.0637032e-13
1105 1.0616889e-13
1106 1.059682e-13
1107 1.0576824e-13
1108 1.0556869e-13
1109 1.0536976e-13
1110 1.0517166e-13
1111 1.0497442e-13
1112 1.0477743e-13
1113 1.0458129e-13
1114 1.0438607e-13
1115 1.0419093e-13
1116 1.0399639e-13
1117 1.0380294e-13
1118 1.0360974e-13
1119 1.034172e-13
1120 1.0322512e-13
1121 1.0303368e-13
1122 1.0284286e-13
1123 1.0265259e-13
1124 1.0246291e-13
1125 1.0227414e-13
1126 1.0208571e-13
1127 1.0189812e-13
1128 1.0171135e-13
1129 1.0152485e-13
1130 1.0133873e-13
1131 1.011535e-13
1132 1.0096863e-13
1133 1.0078454e-13
1134 1.006011e-13
1135 1.0041827e-13
1136 1.0023618e-13
1137 1.0005463e-13
1138 9.9873289e-14
1139 9.9692848e-14
1140 9.9513075e-14
1141 9.9333695e-14
1142 9.9155248e-14
1143 9.8977144e-14
1144 9.8799181e-14
1145 9.8622362e-14
1146 9.8445673e-14
1147 9.8269716e-14
1148 9.8094637e-14
1149 9.7920087e-14
1150 9.7745802e-14
1151 9.7572157e-14
1152 9.7399244e-14
1153 9.7226522e-14
1154 9.7054537e-14
1155 9.6882942e-14
1156 9.6711813e-14
1157 9.6541507e-14
1158 9.6371852e-14
1159 9.6202586e-14
1160 9.6033913e-14
1161 9.5865796e-14
1162 9.569818e-14
1163 9.5531081e-14
1164 9.5364468e-14
1165 9.519828e-14
1166 9.5032448e-14
1167 9.4867273e-14
1168 9.4702658e-14
1169 9.4538441e-14
1170 9.4374677e-14
1171 9.4211524e-14
1172 9.4048651e-14
1173 9.3886259e-14
1174 9.3724457e-14
1175 9.3563268e-14
1176 9.3402449e-14
1177 9.324243e-14
1178 9.3082652e-14
1179 9.2923293e-14
1180 9.276443e-14
1181 9.2606085e-14
1182 9.2448303e-14
1183 9.2291165e-14
1184 9.213387e-14
1185 9.1977146e-14
1186 9.1820985e-14
1187 9.1665481e-14
1188 9.1510279e-14
1189 9.1355521e-14
1190 9.1201219e-14
1191 9.1047603e-14
1192 9.0893959e-14
1193 9.0740864e-14
1194 9.0588179e-14
1195 9.0436019e-14
1196 9.0284219e-14
1197 9.0132384e-14
1198 8.9981538e-14
1199 8.983083e-14
1200 8.9680864e-14
1201 8.9531015e-14
1202 8.938171e-14
1203 8.9232549e-14
1204 8.9084114e-14
1205 8.8935981e-14
1206 8.878832e-14
1207 8.8640887e-14
1208 8.8493867e-14
1209 8.8347339e-14
1210 8.8201054e-14
1211 8.8055166e-14
1212 8.7909625e-14
1213 8.7764328e-14
1214 8.7619543e-14
1215 8.7475172e-14
1216 8.733092e-14
1217 8.7187128e-14
1218 8.7043681e-14
1219 8.69006e-14
1220 8.6757909e-14
1221 8.6615508e-14
1222 8.6473539e-14
1223 8.6331826e-14
1224 8.61904e-14
1225 8.6049309e-14
1226 8.5908817e-14
1227 8.5768408e-14
1228 8.5628351e-14
1229 8.5488578e-14
1230 8.5349077e-14
1231 8.5209769e-14
1232 8.5070938e-14
1233 8.4932538e-14
1234 8.4794269e-14
1235 8.4656413e-14
1236 8.4518869e-14
1237 8.4381615e-14
1238 8.4244711e-14
1239 8.4108111e-14
1240 8.3971672e-14
1241 8.3835757e-14
1242 8.3700127e-14
1243 8.3564786e-14
1244 8.3429844e-14
1245 8.329498e-14
1246 8.3160241e-14
1247 8.302565e-14
1248 8.2891531e-14
1249 8.2757703e-14
1250 8.2624235e-14
1251 8.2490934e-14
1252 8.2357736e-14
1253 8.2225022e-14
1254 8.2092589e-14
1255 8.1960342e-14
1256 8.18282e-14
1257 8.1696717e-14
1258 8.1565334e-14
1259 8.1434138e-14
1260 8.1303052e-14
1261 8.1172412e-14
1262 8.104205e-14
1263 8.0911839e-14
1264 8.0782097e-14
1265 8.0652272e-14
1266 8.0522792e-14
1267 8.0393652e-14
1268 8.0264806e-14
1269 8.013607e-14
1270 8.0007513e-14
1271 7.9879165e-14
1272 7.9750933e-14
1273 7.9623147e-14
1274 7.9495585e-14
1275 7.9368251e-14
1276 7.9241184e-14
1277 7.9114387e-14
1278 7.898779e-14
1279 7.8861192e-14
1280 7.8735154e-14
1281 7.860906e-14
1282 7.8483313e-14
1283 7.8357724e-14
1284 7.8232503e-14
1285 7.8107397e-14
1286 7.7982465e-14
1287 7.7857855e-14
1288 7.77335e-14
1289 7.7609263e-14
1290 7.7485181e-14
1291 7.7361474e-14
1292 7.7237848e-14
1293 7.7114474e-14
1294 7.6991233e-14
1295 7.6868306e-14
1296 7.674558e-14
1297 7.6623077e-14
1298 7.6500834e-14
1299 7.6378698e-14
1300 7.6256836e-14
1301 7.6135092e-14
1302 7.6013565e-14
1303 7.5892202e-14
1304 7.5771143e-14
1305 7.5650294e-14
1306 7.5529512e-14
1307 7.5408982e-14
1308 7.5288782e-14
1309 7.5168588e-14
1310 7.504868e-14
1311 7.4929115e-14
1312 7.4809656e-14
1313 7.4690364e-14
1314 7.4571294e-14
1315 7.4452506e-14
1316 7.433397e-14
1317 7.4215428e-14
1318 7.4097203e-14
1319 7.3979188e-14
1320 7.386134e-14
1321 7.3743694e-14
1322 7.3626458e-14
1323 7.3509241e-14
1324 7.3392266e-14
1325 7.3275393e-14
1326 7.3158682e-14
1327 7.3042265e-14
1328 7.2926135e-14
1329 7.2810078e-14
1330 7.2694194e-14
1331 7.2578597e-14
1332 7.246311e-14
1333 7.2347802e-14
1334 7.2232808e-14
1335 7.2117904e-14
1336 7.2003299e-14
1337 7.1889006e-14
1338 7.177483e-14
1339 7.1660783e-14
1340 7.1546962e-14
1341 7.1433175e-14
1342 7.1319725e-14
1343 7.1206473e-14
1344 7.1093452e-14
1345 7.0980745e-14
1346 7.0868274e-14
1347 7.0755921e-14
1348 7.064357e-14
1349 7.0531653e-14
1350 7.04199e-14
1351 7.0308385e-14
1352 7.019701e-14
1353 7.0085875e-14
1354 6.9974979e-14
1355 6.9864343e-14
1356 6.9753903e-14
1357 6.9643606e-14
1358 6.9533438e-14
1359 6.9423628e-14
1360 6.9313909e-14
1361 6.9204396e-14
1362 6.9095167e-14
1363 6.8986105e-14
1364 6.8877262e-14
1365 6.8768506e-14
1366 6.8660095e-14
1367 6.8551915e-14
1368 6.8443974e-14
1369 6.8336288e-14
1370 6.8228744e-14
1371 6.8121522e-14
1372 6.8014255e-14
1373 6.7907284e-14
1374 6.7800467e-14
1375 6.7694112e-14
1376 6.7587732e-14
1377 6.748162e-14
1378 6.7375831e-14
1379 6.7270279e-14
1380 6.7165045e-14
1381 6.7059851e-14
1382 6.6954954e-14
1383 6.6850267e-14
1384 6.6745853e-14
1385 6.6641526e-14
1386 6.653745e-14
1387 6.643352e-14
1388 6.6329983e-14
1389 6.6226557e-14
1390 6.6123362e-14
1391 6.6020436e-14
1392 6.5917728e-14
1393 6.5815148e-14
1394 6.5712929e-14
1395 6.5610839e-14
1396 6.5509044e-14
1397 6.5407433e-14
1398 6.5306112e-14
1399 6.5205106e-14
1400 6.5104325e-14
1401 6.5003586e-14
1402 6.4903099e-14
1403 6.4802992e-14
1404 6.4702976e-14
1405 6.4603269e-14
1406 6.4503774e-14
1407 6.4404406e-14
1408 6.4305296e-14
1409 6.4206532e-14
1410 6.4107832e-14
1411 6.4009408e-14
1412 6.3911245e-14
1413 6.3813367e-14
1414 6.3715841e-14
1415 6.361826e-14
1416 6.3521044e-14
1417 6.3424014e-14
1418 6.3327181e-14
1419 6.3230683e-14
1420 6.3134408e-14
1421 6.3038307e-14
1422 6.2942585e-14
1423 6.2847053e-14
1424 6.2751703e-14
1425 6.2656624e-14
1426 6.2561793e-14
1427 6.2467168e-14
1428 6.2372851e-14
1429 6.2278582e-14
1430 6.2184634e-14
1431 6.2090908e-14
1432 6.1997395e-14
1433 6.1904118e-14
1434 6.1811027e-14
1435 6.1718241e-14
1436 6.1625733e-14
1437 6.1533407e-14
1438 6.1441265e-14
1439 6.1349448e-14
1440 6.1257886e-14
1441 6.1166407e-14
1442 6.1075204e-14
1443 6.098425e-14
1444 6.0893532e-14
1445 6.0803134e-14
1446 6.0712938e-14
1447 6.0622883e-14
1448 6.0533054e-14
1449 6.0443414e-14
1450 6.0354069e-14
1451 6.0265008e-14
1452 6.0176041e-14
1453 6.0087476e-14
1454 5.9999003e-14
1455 5.9910805e-14
1456 5.9822761e-14
1457 5.9735068e-14
1458 5.9647434e-14
1459 5.9560053e-14
1460 5.9472864e-14
1461 5.9385998e-14
1462 5.9299323e-14
1463 5.9212887e-14
1464 5.9126681e-14
1465 5.9040682e-14
1466 5.8954787e-14
1467 5.8869092e-14
1468 5.8783785e-14
1469 5.8698558e-14
1470 5.8613502e-14
1471 5.8528763e-14
1472 5.8444153e-14
1473 5.8359828e-14
1474 5.8275744e-14
1475 5.8191797e-14
1476 5.8107978e-14
1477 5.8024386e-14
1478 5.7941062e-14
1479 5.785796e-14
1480 5.7775056e-14
1481 5.7692474e-14
1482 5.7609951e-14
1483 5.7527637e-14
1484 5.7445502e-14
1485 5.7363644e-14
1486 5.7281983e-14
1487 5.7200402e-14
1488 5.7119103e-14
1489 5.7038029e-14
1490 5.6957161e-14
1491 5.6876455e-14
1492 5.6795957e-14
1493 5.6715577e-14
1494 5.6635422e-14
1495 5.6555465e-14
1496 5.6475707e-14
1497 5.6396101e-14
1498 5.6316623e-14
1499 5.6237448e-14
1500 5.6158376e-14
1501 5.6079577e-14
1502 5.6000999e-14
1503 5.5922523e-14
1504 5.5844181e-14
1505 5.5766048e-14
1506 5.5688034e-14
1507 5.5610217e-14
1508 5.5532653e-14
1509 5.5455187e-14
1510 5.5377922e-14
1511 5.5300889e-14
1512 5.5223909e-14
1513 5.5147123e-14
1514 5.5070569e-14
1515 5.4994117e-14
1516 5.4917839e-14
1517 5.4841796e-14
1518 5.4765778e-14
1519 5.4690021e-14
1520 5.4614385e-14
1521 5.4538927e-14
1522 5.4463674e-14
1523 5.4388481e-14
1524 5.4313498e-14
1525 5.4238617e-14
1526 5.4163967e-14
1527 5.4089366e-14
1528 5.4014983e-14
1529 5.3940768e-14
1530 5.3866722e-14
1531 5.3792822e-14
1532 5.37191e-14
1533 5.3645357e-14
1534 5.3571863e-14
1535 5.3498548e-14
1536 5.3425367e-14
1537 5.3352255e-14
1538 5.3279306e-14
1539 5.3206572e-14
1540 5.3133937e-14
1541 5.3061401e-14
1542 5.298906e-14
1543 5.2916882e-14
1544 5.2844761e-14
1545 5.2772788e-14
1546 5.2700935e-14
1547 5.2629232e-14
1548 5.2557653e-14
1549 5.248629e-14
1550 5.2414932e-14
1551 5.2343779e-14
1552 5.2272645e-14
1553 5.2201741e-14
1554 5.2130869e-14
1555 5.2060157e-14
1556 5.1989611e-14
1557 5.1919182e-14
1558 5.1848877e-14
1559 5.1778709e-14
1560 5.1708609e-14
1561 5.1638749e-14
1562 5.1568904e-14
1563 5.1499178e-14
1564 5.1429597e-14
1565 5.1360113e-14
1566 5.1290778e-14
1567 5.1221549e-14
1568 5.1152419e-14
1569 5.108342e-14
1570 5.1014438e-14
1571 5.094568e-14
1572 5.0877059e-14
1573 5.0808416e-14
1574 5.073998e-14
1575 5.0671635e-14
1576 5.0603396e-14
1577 5.0535258e-14
1578 5.0467205e-14
1579 5.0399285e-14
1580 5.0331452e-14
1581 5.0263742e-14
1582 5.0196157e-14
1583 5.01287e-14
1584 5.006126e-14
1585 4.9993937e-14
1586 4.9926724e-14
1587 4.9859588e-14
1588 4.9792601e-14
1589 4.9725737e-14
1590 4.9658983e-14
1591 4.959227e-14
1592 4.9525685e-14
1593 4.9459101e-14
1594 4.9392619e-14
1595 4.9326266e-14
1596 4.9260045e-14
1597 4.9193943e-14
1598 4.9127845e-14
1599 4.9061905e-14
1600 4.8996033e-14
1601 4.8930271e-14
1602 4.8864543e-14
1603 4.8798974e-14
1604 4.8733486e-14
1605 4.8668143e-14
1606 4.8602874e-14
1607 4.8537655e-14
1608 4.8472525e-14
1609 4.8407463e-14
1610 4.8342537e-14
1611 4.8277676e-14
1612 4.8212979e-14
1613 4.814835e-14
1614 4.8083763e-14
1615 4.8019249e-14
1616 4.7954849e-14
1617 4.7890523e-14
1618 4.7826359e-14
1619 4.7762213e-14
1620 4.7698142e-14
1621 4.7634181e-14
1622 4.757028e-14
1623 4.7506534e-14
1624 4.744285e-14
1625 4.7379225e-14
1626 4.7315725e-14
1627 4.7252361e-14
1628 4.7188971e-14
1629 4.7125682e-14
1630 4.706256e-14
1631 4.6999449e-14
1632 4.6936459e-14
1633 4.6873544e-14
1634 4.6810756e-14
1635 4.6748028e-14
1636 4.6685412e-14
1637 4.6622806e-14
1638 4.6560343e-14
1639 4.649803e-14
1640 4.6435761e-14
1641 4.6373571e-14
1642 4.6311514e-14
1643 4.6249438e-14
1644 4.618748e-14
1645 4.612564e-14
1646 4.6063834e-14
1647 4.6002098e-14
1648 4.5940506e-14
1649 4.5879025e-14
1650 4.5817638e-14
1651 4.5756336e-14
1652 4.5695071e-14
1653 4.5633938e-14
1654 4.5572885e-14
1655 4.551184e-14
1656 4.5450957e-14
1657 4.5390137e-14
1658 4.5329507e-14
1659 4.5268926e-14
1660 4.5208374e-14
1661 4.5147911e-14
1662 4.5087497e-14
1663 4.5027241e-14
1664 4.4967013e-14
1665 4.4906925e-14
1666 4.4846953e-14
1667 4.4787081e-14
1668 4.4727242e-14
1669 4.4667498e-14
1670 4.4607813e-14
1671 4.4548229e-14
1672 4.4488743e-14
1673 4.4429376e-14
1674 4.4370085e-14
1675 4.4310982e-14
1676 4.4251899e-14
1677 4.4192912e-14
1678 4.413402e-14
1679 4.4075216e-14
1680 4.4016501e-14
1681 4.3957867e-14
1682 4.3899302e-14
1683 4.3840855e-14
1684 4.3782558e-14
1685 4.3724307e-14
1686 4.3666245e-14
1687 4.3608236e-14
1688 4.3550295e-14
1689 4.3492474e-14
1690 4.3434717e-14
1691 4.3377066e-14
1692 4.3319481e-14
1693 4.3262064e-14
1694 4.3204697e-14
1695 4.314745e-14
1696 4.3090336e-14
1697 4.3033277e-14
1698 4.297633e-14
1699 4.2919442e-14
1700 4.2862706e-14
1701 4.2806067e-14
1702 4.2749475e-14
1703 4.2693001e-14
1704 4.2636675e-14
1705 4.2580424e-14
1706 4.252422e-14
1707 4.246819e-14
1708 4.2412245e-14
1709 4.2356413e-14
1710 4.2300709e-14
1711 4.2245045e-14
1712 4.2189564e-14
1713 4.213419e-14
1714 4.2078889e-14
1715 4.2023652e-14
1716 4.196858e-14
1717 4.1913568e-14
1718 4.1858654e-14
1719 4.1803863e-14
1720 4.1749145e-14
1721 4.1694569e-14
1722 4.1640114e-14
1723 4.158574e-14
1724 4.1531454e-14
1725 4.1477294e-14
1726 4.1423182e-14
1727 4.1369273e-14
1728 4.1315477e-14
1729 4.1261755e-14
1730 4.12081e-14
1731 4.1154633e-14
1732 4.1101222e-14
1733 4.1047907e-14
1734 4.0994726e-14
1735 4.0941658e-14
1736 4.0888697e-14
1737 4.0835858e-14
1738 4.0783112e-14
1739 4.07305e-14
1740 4.0677964e-14
1741 4.0625541e-14
1742 4.0573262e-14
1743 4.0521071e-14
1744 4.0468984e-14
1745 4.0416996e-14
1746 4.0365141e-14
1747 4.0313413e-14
1748 4.0261762e-14
1749 4.021024e-14
1750 4.0158811e-14
1751 4.01075e-14
1752 4.005629e-14
1753 4.0005187e-14
1754 3.9954186e-14
1755 3.9903336e-14
1756 3.9852551e-14
1757 3.9801912e-14
1758 3.9751399e-14
1759 3.9700946e-14
1760 3.965065e-14
1761 3.9600441e-14
1762 3.9550336e-14
1763 3.9500368e-14
1764 3.9450472e-14
1765 3.9400715e-14
1766 3.9351074e-14
1767 3.9301573e-14
1768 3.9252174e-14
1769 3.9202863e-14
1770 3.9153622e-14
1771 3.9104519e-14
1772 3.9055527e-14
1773 3.9006635e-14
1774 3.8957866e-14
1775 3.8909203e-14
1776 3.8860667e-14
1777 3.8812222e-14
1778 3.8763931e-14
1779 3.8715714e-14
1780 3.8667593e-14
1781 3.8619582e-14
1782 3.8571652e-14
1783 3.8523872e-14
1784 3.8476224e-14
1785 3.8428687e-14
1786 3.8381208e-14
1787 3.8333855e-14
1788 3.8286623e-14
1789 3.8239482e-14
1790 3.8192447e-14
1791 3.8145527e-14
1792 3.8098718e-14
1793 3.8051993e-14
1794 3.8005468e-14
1795 3.7958982e-14
1796 3.7912614e-14
1797 3.7866348e-14
1798 3.7820183e-14
1799 3.7774115e-14
1800 3.7728175e-14
1801 3.7682325e-14
1802 3.7636606e-14
1803 3.7590947e-14
1804 3.7545397e-14
1805 3.7499924e-14
1806 3.7454573e-14
1807 3.7409365e-14
1808 3.736423e-14
1809 3.7319212e-14
1810 3.7274297e-14
1811 3.7229456e-14
1812 3.7184695e-14
1813 3.7140079e-14
1814 3.7095507e-14
1815 3.7051029e-14
1816 3.7006699e-14
1817 3.6962461e-14
1818 3.6918351e-14
1819 3.687428e-14
1820 3.6830313e-14
1821 3.6786479e-14
1822 3.6742742e-14
1823 3.6699122e-14
1824 3.6655575e-14
1825 3.6612101e-14
1826 3.6568712e-14
1827 3.6525447e-14
1828 3.6482277e-14
1829 3.6439243e-14
1830 3.6396267e-14
1831 3.6353374e-14
1832 3.6310603e-14
1833 3.6267887e-14
1834 3.62253e-14
1835 3.618281e-14
1836 3.6140414e-14
1837 3.6098104e-14
1838 3.6055893e-14
1839 3.6013767e-14
1840 3.597172e-14
1841 3.5929732e-14
1842 3.5887844e-14
1843 3.5846033e-14
1844 3.5804341e-14
1845 3.5762738e-14
1846 3.5721231e-14
1847 3.567978e-14
1848 3.5638442e-14
1849 3.5597195e-14
1850 3.5556016e-14
1851 3.5514963e-14
1852 3.5473993e-14
1853 3.5433111e-14
1854 3.5392281e-14
1855 3.5351542e-14
1856 3.531088e-14
1857 3.5270345e-14
1858 3.5229831e-14
1859 3.5189407e-14
1860 3.5149075e-14
1861 3.510888e-14
1862 3.5068673e-14
1863 3.5028583e-14
1864 3.4988607e-14
1865 3.4948693e-14
1866 3.4908832e-14
1867 3.4869061e-14
1868 3.4829352e-14
1869 3.478973e-14
1870 3.4750232e-14
1871 3.4710758e-14
1872 3.4671344e-14
1873 3.4632058e-14
1874 3.4592836e-14
1875 3.4553692e-14
1876 3.4514613e-14
1877 3.4475612e-14
1878 3.4436684e-14
1879 3.4397836e-14
1880 3.4359066e-14
1881 3.4320342e-14
1882 3.4281702e-14
1883 3.424314e-14
1884 3.4204643e-14
1885 3.4166224e-14
1886 3.4127862e-14
1887 3.4089564e-14
1888 3.405139e-14
1889 3.4013251e-14
1890 3.397516e-14
1891 3.3937125e-14
1892 3.389923e-14
1893 3.3861365e-14
1894 3.3823554e-14
1895 3.378584e-14
1896 3.3748165e-14
1897 3.3710562e-14
1898 3.3672987e-14
1899 3.3635547e-14
1900 3.359814e-14
1901 3.3560813e-14
1902 3.3523557e-14
1903 3.348637e-14
1904 3.3449208e-14
1905 3.3412112e-14
1906 3.3375092e-14
1907 3.3338149e-14
1908 3.3301225e-14
1909 3.326437e-14
1910 3.3227613e-14
1911 3.3190896e-14
1912 3.3154208e-14
1913 3.3117624e-14
1914 3.3081103e-14
1915 3.3044626e-14
1916 3.30082e-14
1917 3.2971822e-14
1918 3.2935545e-14
1919 3.28993e-14
1920 3.2863123e-14
1921 3.2826943e-14
1922 3.2790866e-14
1923 3.2754864e-14
1924 3.2718903e-14
1925 3.2683006e-14
1926 3.2647179e-14
1927 3.2611356e-14
1928 3.2575599e-14
1929 3.2539891e-14
1930 3.250426e-14
1931 3.2468698e-14
1932 3.2433177e-14
1933 3.23977e-14
1934 3.2362294e-14
1935 3.2326931e-14
1936 3.2291629e-14
1937 3.2256385e-14
1938 3.2221183e-14
1939 3.2186051e-14
1940 3.2150959e-14
1941 3.2115926e-14
1942 3.2080929e-14
1943 3.2045987e-14
1944 3.2011111e-14
1945 3.1976286e-14
1946 3.194148e-14
1947 3.1906745e-14
1948 3.1872065e-14
1949 3.1837425e-14
1950 3.1802803e-14
1951 3.1768235e-14
1952 3.1733745e-14
1953 3.1699337e-14
1954 3.1664931e-14
1955 3.1630561e-14
1956 3.1596264e-14
1957 3.1562002e-14
1958 3.1527808e-14
1959 3.1493655e-14
1960 3.145956e-14
1961 3.1425491e-14
1962 3.1391493e-14
1963 3.1357521e-14
1964 3.1323619e-14
1965 3.1289726e-14
1966 3.1255905e-14
1967 3.1222111e-14
1968 3.1188371e-14
1969 3.115471e-14
1970 3.1121077e-14
1971 3.1087473e-14
1972 3.1053898e-14
1973 3.1020422e-14
1974 3.0986961e-14
1975 3.0953568e-14
1976 3.0920206e-14
1977 3.0886882e-14
1978 3.0853597e-14
1979 3.0820366e-14
1980 3.0787183e-14
1981 3.0754029e-14
1982 3.072094e-14
1983 3.0687896e-14
1984 3.0654839e-14
1985 3.0621863e-14
1986 3.058897e-14
1987 3.0556097e-14
1988 3.0523255e-14
1989 3.0490474e-14
1990 3.0457752e-14
1991 3.0425066e-14
1992 3.0392404e-14
1993 3.0359803e-14
1994 3.0327244e-14
1995 3.0294742e-14
1996 3.0262311e-14
1997 3.0229891e-14
1998 3.0197507e-14
1999 3.0165179e-14
2000 3.0132856e-14
2001 3.0100633e-14
2002 3.0068448e-14
2003 3.0036305e-14
2004 3.000418e-14
2005 2.9972114e-14
2006 2.9940082e-14
2007 2.9908119e-14
2008 2.9876188e-14
2009 2.9844321e-14
2010 2.981247e-14
2011 2.9780679e-14
2012 2.9748924e-14
2013 2.9717201e-14
2014 2.9685568e-14
2015 2.9653959e-14
2016 2.9622403e-14
2017 2.9590882e-14
2018 2.9559393e-14
2019 2.9527959e-14
2020 2.9496575e-14
2021 2.9465228e-14
2022 2.9433925e-14
2023 2.9402695e-14
2024 2.9371512e-14
2025 2.9340352e-14
2026 2.9309261e-14
2027 2.9278186e-14
2028 2.9247168e-14
2029 2.921619e-14
2030 2.918528e-14
2031 2.9154376e-14
2032 2.9123548e-14
2033 2.9092755e-14
2034 2.9062011e-14
2035 2.9031315e-14
2036 2.9000681e-14
2037 2.8970079e-14
2038 2.8939516e-14
2039 2.8909013e-14
2040 2.8878549e-14
2041 2.8848148e-14
2042 2.8817765e-14
2043 2.8787475e-14
2044 2.8757233e-14
2045 2.8727008e-14
2046 2.8696826e-14
2047 2.8666702e-14
2048 2.8636624e-14
2049 2.8606596e-14
2050 2.857662e-14
2051 2.8546675e-14
2052 2.8516815e-14
2053 2.8486988e-14
2054 2.8457206e-14
2055 2.8427476e-14
2056 2.8397787e-14
2057 2.8368136e-14
2058 2.8338543e-14
2059 2.8308991e-14
2060 2.8279506e-14
2061 2.8250037e-14
2062 2.8220636e-14
2063 2.8191285e-14
2064 2.8161983e-14
2065 2.8132741e-14
2066 2.8103525e-14
2067 2.8074401e-14
2068 2.8045303e-14
2069 2.8016287e-14
2070 2.7987293e-14
2071 2.7958333e-14
2072 2.7929426e-14
2073 2.7900577e-14
2074 2.7871785e-14
2075 2.7843036e-14
2076 2.7814355e-14
2077 2.778572e-14
2078 2.7757121e-14
2079 2.7728595e-14
2080 2.770009e-14
2081 2.7671625e-14
2082 2.7643225e-14
2083 2.7614874e-14
2084 2.7586559e-14
2085 2.7558326e-14
2086 2.7530139e-14
2087 2.7502021e-14
2088 2.7473923e-14
2089 2.7445906e-14
2090 2.7417951e-14
2091 2.7390052e-14
2092 2.7362161e-14
2093 2.7334345e-14
2094 2.7306564e-14
2095 2.727884e-14
2096 2.7251166e-14
2097 2.7223546e-14
2098 2.7195965e-14
2099 2.716845e-14
2100 2.7140989e-14
2101 2.7113596e-14
2102 2.7086231e-14
2103 2.7058929e-14
2104 2.7031691e-14
2105 2.7004485e-14
2106 2.6977332e-14
2107 2.6950247e-14
2108 2.6923224e-14
2109 2.6896249e-14
2110 2.6869317e-14
2111 2.6842421e-14
2112 2.6815597e-14
2113 2.6788825e-14
2114 2.676211e-14
2115 2.6735456e-14
2116 2.6708846e-14
2117 2.66823e-14
2118 2.6655775e-14
2119 2.6629342e-14
2120 2.6602946e-14
2121 2.6576602e-14
2122 2.655031e-14
2123 2.6524087e-14
2124 2.6497911e-14
2125 2.6471784e-14
2126 2.6445679e-14
2127 2.6419638e-14
2128 2.6393653e-14
2129 2.6367726e-14
2130 2.6341846e-14
2131 2.6316041e-14
2132 2.6290281e-14
2133 2.6264566e-14
2134 2.62389e-14
2135 2.6213281e-14
2136 2.6187695e-14
2137 2.6162216e-14
2138 2.6136769e-14
2139 2.6111368e-14
2140 2.608603e-14
2141 2.6060735e-14
2142 2.603547e-14
2143 2.6010278e-14
2144 2.5985141e-14
2145 2.5960047e-14
2146 2.5935015e-14
2147 2.5910037e-14
2148 2.5885101e-14
2149 2.5860223e-14
2150 2.5835403e-14
2151 2.5810616e-14
2152 2.578589e-14
2153 2.5761215e-14
2154 2.5736591e-14
2155 2.5712023e-14
2156 2.5687512e-14
2157 2.5663045e-14
2158 2.5638613e-14
2159 2.5614238e-14
2160 2.5589926e-14
2161 2.556568e-14
2162 2.5541448e-14
2163 2.5517292e-14
2164 2.5493188e-14
2165 2.5469133e-14
2166 2.5445106e-14
2167 2.5421152e-14
2168 2.5397226e-14
2169 2.5373339e-14
2170 2.5349524e-14
2171 2.5325739e-14
2172 2.5302019e-14
2173 2.5278346e-14
2174 2.5254727e-14
2175 2.5231148e-14
2176 2.520762e-14
2177 2.5184159e-14
2178 2.5160714e-14
2179 2.5137299e-14
2180 2.5113978e-14
2181 2.5090669e-14
2182 2.5067424e-14
2183 2.5044232e-14
2184 2.5021091e-14
2185 2.4997978e-14
2186 2.4974924e-14
2187 2.4951918e-14
2188 2.4928954e-14
2189 2.4906035e-14
2190 2.4883161e-14
2191 2.486034e-14
2192 2.4837544e-14
2193 2.4814797e-14
2194 2.4792095e-14
2195 2.4769454e-14
2196 2.4746848e-14
2197 2.4724297e-14
2198 2.4701783e-14
2199 2.4679309e-14
2200 2.4656881e-14
2201 2.4634486e-14
2202 2.4612149e-14
2203 2.4589856e-14
2204 2.4567599e-14
2205 2.4545385e-14
2206 2.4523211e-14
2207 2.4501072e-14
2208 2.4478971e-14
2209 2.4456923e-14
2210 2.4434907e-14
2211 2.4412932e-14
2212 2.4391014e-14
2213 2.4369129e-14
2214 2.4347279e-14
2215 2.4325471e-14
2216 2.4303705e-14
2217 2.4281957e-14
2218 2.4260262e-14
2219 2.423862e-14
2220 2.4216985e-14
2221 2.4195395e-14
2222 2.4173854e-14
2223 2.4152358e-14
2224 2.4130896e-14
2225 2.4109468e-14
2226 2.4088065e-14
2227 2.4066711e-14
2228 2.4045395e-14
2229 2.40241e-14
2230 2.4002839e-14
2231 2.3981633e-14
2232 2.3960446e-14
2233 2.3939304e-14
2234 2.3918193e-14
2235 2.3897111e-14
2236 2.3876052e-14
2237 2.3855046e-14
2238 2.383406e-14
2239 2.3813127e-14
2240 2.3792207e-14
2241 2.3771324e-14
2242 2.3750477e-14
2243 2.3729667e-14
2244 2.3708875e-14
2245 2.3688116e-14
2246 2.3667372e-14
2247 2.3646669e-14
2248 2.3626001e-14
2249 2.3605388e-14
2250 2.3584785e-14
2251 2.3564212e-14
2252 2.3543658e-14
2253 2.3523137e-14
2254 2.3502649e-14
2255 2.3482188e-14
2256 2.3461754e-14
2257 2.3441356e-14
2258 2.3420984e-14
2259 2.3400614e-14
2260 2.3380289e-14
2261 2.3359986e-14
2262 2.3339709e-14
2263 2.3319464e-14
2264 2.3299252e-14
2265 2.3279056e-14
2266 2.3258895e-14
2267 2.3238749e-14
2268 2.3218635e-14
2269 2.3198548e-14
2270 2.317847e-14
2271 2.3158436e-14
2272 2.3138426e-14
2273 2.3118433e-14
2274 2.3098472e-14
2275 2.3078519e-14
2276 2.3058596e-14
2277 2.3038716e-14
2278 2.301886e-14
2279 2.2999017e-14
2280 2.2979195e-14
2281 2.2959386e-14
2282 2.2939592e-14
2283 2.2919829e-14
2284 2.2900094e-14
2285 2.2880386e-14
2286 2.2860696e-14
2287 2.2841043e-14
2288 2.2821399e-14
2289 2.2801775e-14
2290 2.2782163e-14
2291 2.2762573e-14
2292 2.2743013e-14
2293 2.2723471e-14
2294 2.2703944e-14
2295 2.268445e-14
2296 2.266497e-14
2297 2.2645505e-14
2298 2.262606e-14
2299 2.2606633e-14
2300 2.258724e-14
2301 2.2567856e-14
2302 2.2548494e-14
2303 2.252915e-14
2304 2.2509827e-14
2305 2.2490529e-14
2306 2.2471252e-14
2307 2.2451998e-14
2308 2.2432741e-14
2309 2.2413518e-14
2310 2.2394322e-14
2311 2.2375149e-14
2312 2.2355973e-14
2313 2.2336828e-14
2314 2.2317708e-14
2315 2.2298593e-14
2316 2.2279514e-14
2317 2.2260448e-14
2318 2.2241414e-14
2319 2.222239e-14
2320 2.2203376e-14
2321 2.218439e-14
2322 2.216543e-14
2323 2.2146484e-14
2324 2.2127551e-14
2325 2.2108632e-14
2326 2.2089754e-14
2327 2.2070889e-14
2328 2.2052031e-14
2329 2.2033202e-14
2330 2.201438e-14
2331 2.1995571e-14
2332 2.1976797e-14
2333 2.1958048e-14
2334 2.1939312e-14
2335 2.19206e-14
2336 2.1901908e-14
2337 2.1883231e-14
2338 2.1864569e-14
2339 2.184594e-14
2340 2.1827337e-14
2341 2.1808747e-14
2342 2.1790154e-14
2343 2.1771606e-14
2344 2.1753079e-14
2345 2.1734573e-14
2346 2.1716088e-14
2347 2.1697629e-14
2348 2.1679202e-14
2349 2.1660769e-14
2350 2.1642371e-14
2351 2.1623989e-14
2352 2.1605627e-14
2353 2.1587302e-14
2354 2.1568986e-14
2355 2.1550707e-14
2356 2.153244e-14
2357 2.1514187e-14
2358 2.1495964e-14
2359 2.1477768e-14
2360 2.145959e-14
2361 2.1441441e-14
2362 2.1423313e-14
2363 2.1405221e-14
2364 2.1387143e-14
2365 2.1369113e-14
2366 2.1351094e-14
2367 2.1333101e-14
2368 2.131513e-14
2369 2.1297189e-14
2370 2.1279264e-14
2371 2.1261355e-14
2372 2.1243489e-14
2373 2.1225658e-14
2374 2.1207855e-14
2375 2.1190071e-14
2376 2.1172319e-14
2377 2.1154596e-14
2378 2.1136902e-14
2379 2.1119237e-14
2380 2.1101598e-14
2381 2.108398e-14
2382 2.1066394e-14
2383 2.1048847e-14
2384 2.1031327e-14
2385 2.1013834e-14
2386 2.0996371e-14
2387 2.097895e-14
2388 2.0961555e-14
2389 2.0944183e-14
2390 2.0926837e-14
2391 2.090954e-14
2392 2.0892271e-14
2393 2.0875047e-14
2394 2.0857851e-14
2395 2.0840693e-14
2396 2.0823548e-14
2397 2.0806446e-14
2398 2.0789392e-14
2399 2.0772365e-14
2400 2.075537e-14
2401 2.0738408e-14
2402 2.0721484e-14
2403 2.0704599e-14
2404 2.0687747e-14
2405 2.0670928e-14
2406 2.0654139e-14
2407 2.0637404e-14
2408 2.0620698e-14
2409 2.0604031e-14
2410 2.0587417e-14
2411 2.0570828e-14
2412 2.0554285e-14
2413 2.0537765e-14
2414 2.052129e-14
2415 2.0504843e-14
2416 2.0488455e-14
2417 2.0472107e-14
2418 2.045581e-14
2419 2.0439546e-14
2420 2.0423308e-14
2421 2.0407131e-14
2422 2.0390984e-14
2423 2.0374886e-14
2424 2.0358824e-14
2425 2.0342814e-14
2426 2.0326838e-14
2427 2.0310909e-14
2428 2.0295023e-14
2429 2.0279185e-14
2430 2.0263387e-14
2431 2.024763e-14
2432 2.0231929e-14
2433 2.0216262e-14
2434 2.0200642e-14
2435 2.0185084e-14
2436 2.0169564e-14
2437 2.015409e-14
2438 2.0138664e-14
2439 2.0123288e-14
2440 2.0107958e-14
2441 2.0092671e-14
2442 2.0077435e-14
2443 2.0062232e-14
2444 2.0047086e-14
2445 2.0031982e-14
2446 2.0016936e-14
2447 2.0001933e-14
2448 1.9986989e-14
2449 1.9972085e-14
2450 1.9957227e-14
2451 1.994243e-14
2452 1.9927674e-14
2453 1.9912961e-14
2454 1.9898311e-14
2455 1.9883705e-14
2456 1.9869135e-14
2457 1.9854633e-14
2458 1.9840187e-14
2459 1.9825787e-14
2460 1.9811439e-14
2461 1.9797143e-14
2462 1.9782896e-14
2463 1.9768706e-14
2464 1.9754556e-14
2465 1.9740464e-14
2466 1.9726422e-14
2467 1.9712431e-14
2468 1.9698504e-14
2469 1.9684618e-14
2470 1.9670795e-14
2471 1.9657014e-14
2472 1.9643297e-14
2473 1.9629627e-14
2474 1.9616009e-14
2475 1.960244e-14
2476 1.9588926e-14
2477 1.9575482e-14
2478 1.9562078e-14
2479 1.9548736e-14
2480 1.9535441e-14
2481 1.95222e-14
2482 1.9509017e-14
2483 1.9495892e-14
2484 1.9482811e-14
2485 1.9469773e-14
2486 1.9456802e-14
2487 1.9443887e-14
2488 1.9431024e-14
2489 1.9418207e-14
2490 1.9405447e-14
2491 1.939274e-14
2492 1.9380077e-14
2493 1.9367469e-14
2494 1.9354926e-14
2495 1.9342452e-14
2496 1.9329999e-14
2497 1.9317608e-14
2498 1.9305272e-14
2499 1.9292984e-14
2500 1.9280755e-14
2501 1.9268569e-14
2502 1.925644e-14
2503 1.9244372e-14
2504 1.9232341e-14
2505 1.9220369e-14
2506 1.920845e-14
2507 1.919658e-14
2508 1.9184759e-14
2509 1.9173004e-14
2510 1.91613e-14
2511 1.9149649e-14
2512 1.9138036e-14
2513 1.9126481e-14
2514 1.9114979e-14
2515 1.9103521e-14
2516 1.909212e-14
2517 1.9080761e-14
2518 1.9069456e-14
2519 1.9058195e-14
2520 1.9046988e-14
2521 1.9035822e-14
2522 1.9024708e-14
2523 1.9013641e-14
2524 1.9002619e-14
2525 1.8991646e-14
2526 1.8980715e-14
2527 1.8969845e-14
2528 1.8959022e-14
2529 1.8948245e-14
2530 1.8937522e-14
2531 1.8926832e-14
2532 1.8916193e-14
2533 1.890559e-14
2534 1.889504e-14
2535 1.8884529e-14
2536 1.8874063e-14
2537 1.886365e-14
2538 1.8853275e-14
2539 1.8842948e-14
2540 1.8832667e-14
2541 1.8822418e-14
2542 1.881221e-14
2543 1.8802051e-14
2544 1.8791927e-14
2545 1.8781841e-14
2546 1.8771799e-14
2547 1.8761809e-14
2548 1.875184e-14
2549 1.8741911e-14
2550 1.8732031e-14
2551 1.8722189e-14
2552 1.8712382e-14
2553 1.8702606e-14
2554 1.8692884e-14
2555 1.8683174e-14
2556 1.8673518e-14
2557 1.8663896e-14
2558 1.8654301e-14
2559 1.8644752e-14
2560 1.8635229e-14
2561 1.8625746e-14
2562 1.8616289e-14
2563 1.8606869e-14
2564 1.8597479e-14
2565 1.8588128e-14
2566 1.8578802e-14
2567 1.8569503e-14
2568 1.8560247e-14
2569 1.8551016e-14
2570 1.8541813e-14
2571 1.8532638e-14
2572 1.8523486e-14
2573 1.8514375e-14
2574 1.8505296e-14
2575 1.8496244e-14
2576 1.848721e-14
2577 1.8478201e-14
2578 1.8469221e-14
2579 1.8460264e-14
2580 1.8451332e-14
2581 1.8442433e-14
2582 1.8433555e-14
2583 1.8424693e-14
2584 1.8415855e-14
2585 1.8407048e-14
2586 1.8398266e-14
2587 1.8389507e-14
2588 1.8380756e-14
2589 1.8372028e-14
2590 1.8363319e-14
2591 1.8354632e-14
2592 1.8345965e-14
2593 1.8337314e-14
2594 1.832869e-14
2595 1.8320078e-14
2596 1.8311482e-14
2597 1.8302907e-14
2598 1.8294358e-14
2599 1.8285816e-14
2600 1.827728e-14
2601 1.8268771e-14
2602 1.8260281e-14
2603 1.8251802e-14
2604 1.8243336e-14
2605 1.823488e-14
2606 1.8226448e-14
2607 1.8218024e-14
2608 1.8209612e-14
2609 1.8201206e-14
2610 1.8192819e-14
2611 1.8184436e-14
2612 1.8176059e-14
2613 1.8167703e-14
2614 1.8159358e-14
2615 1.8151016e-14
2616 1.8142685e-14
2617 1.8134354e-14
2618 1.8126044e-14
2619 1.8117731e-14
2620 1.8109434e-14
2621 1.8101154e-14
2622 1.809287e-14
2623 1.8084591e-14
2624 1.807632e-14
2625 1.8068064e-14
2626 1.8059811e-14
2627 1.8051553e-14
2628 1.804331e-14
2629 1.8035069e-14
2630 1.8026835e-14
2631 1.80186e-14
2632 1.801038e-14
2633 1.8002152e-14
2634 1.7993925e-14
2635 1.7985699e-14
2636 1.7977483e-14
2637 1.796927e-14
2638 1.7961056e-14
2639 1.7952851e-14
2640 1.7944644e-14
2641 1.7936438e-14
2642 1.7928237e-14
2643 1.7920033e-14
2644 1.7911831e-14
2645 1.7903637e-14
2646 1.7895452e-14
2647 1.7887254e-14
2648 1.787906e-14
2649 1.7870871e-14
2650 1.7862677e-14
2651 1.7854479e-14
2652 1.7846298e-14
2653 1.7838112e-14
2654 1.7829924e-14
2655 1.7821732e-14
2656 1.7813545e-14
2657 1.780535e-14
2658 1.779717e-14
2659 1.7788977e-14
2660 1.7780788e-14
2661 1.7772593e-14
2662 1.7764397e-14
2663 1.775621e-14
2664 1.7748017e-14
2665 1.7739836e-14
2666 1.773164e-14
2667 1.772345e-14
2668 1.7715268e-14
2669 1.7707077e-14
2670 1.7698894e-14
2671 1.7690706e-14
2672 1.7682521e-14
2673 1.7674331e-14
2674 1.7666145e-14
2675 1.7657961e-14
2676 1.7649777e-14
2677 1.7641597e-14
2678 1.7633416e-14
2679 1.7625238e-14
2680 1.7617056e-14
2681 1.7608882e-14
2682 1.760071e-14
2683 1.7592542e-14
2684 1.7584367e-14
2685 1.7576194e-14
2686 1.7568029e-14
2687 1.7559869e-14
2688 1.7551707e-14
2689 1.7543548e-14
2690 1.7535397e-14
2691 1.7527242e-14
2692 1.7519094e-14
2693 1.7510951e-14
2694 1.7502814e-14
2695 1.7494687e-14
2696 1.7486568e-14
2697 1.7478449e-14
2698 1.7470338e-14
2699 1.746223e-14
2700 1.745413e-14
2701 1.7446035e-14
2702 1.743795e-14
2703 1.7429872e-14
2704 1.7421796e-14
2705 1.7413733e-14
2706 1.7405686e-14
2707 1.7397636e-14
2708 1.7389598e-14
2709 1.7381566e-14
2710 1.7373543e-14
2711 1.7365531e-14
2712 1.7357534e-14
2713 1.734954e-14
2714 1.7341557e-14
2715 1.7333589e-14
2716 1.7325632e-14
2717 1.7317691e-14
2718 1.730975e-14
2719 1.7301833e-14
2720 1.7293936e-14
2721 1.7286048e-14
2722 1.7278174e-14
2723 1.7270322e-14
2724 1.7262474e-14
2725 1.7254649e-14
2726 1.7246833e-14
2727 1.723904e-14
2728 1.7231266e-14
2729 1.7223507e-14
2730 1.7215765e-14
2731 1.7208041e-14
2732 1.7200343e-14
2733 1.7192651e-14
2734 1.7184985e-14
2735 1.7177338e-14
2736 1.7169718e-14
2737 1.7162111e-14
2738 1.7154528e-14
2739 1.7146962e-14
2740 1.7139428e-14
2741 1.7131918e-14
2742 1.7124428e-14
2743 1.7116957e-14
2744 1.7109505e-14
2745 1.7102091e-14
2746 1.7094687e-14
2747 1.7087317e-14
2748 1.7079966e-14
2749 1.7072646e-14
2750 1.7065341e-14
2751 1.7058076e-14
2752 1.7050842e-14
2753 1.7043627e-14
2754 1.7036443e-14
2755 1.7029284e-14
2756 1.7022164e-14
2757 1.7015059e-14
2758 1.7007993e-14
2759 1.7000951e-14
2760 1.6993939e-14
2761 1.6986965e-14
2762 1.6980022e-14
2763 1.6973114e-14
2764 1.6966233e-14
2765 1.6959385e-14
2766 1.6952568e-14
2767 1.6945786e-14
2768 1.6939041e-14
2769 1.6932327e-14
2770 1.6925643e-14
2771 1.6918995e-14
2772 1.6912382e-14
2773 1.6905806e-14
2774 1.6899258e-14
2775 1.6892757e-14
2776 1.6886284e-14
2777 1.6879849e-14
2778 1.6873448e-14
2779 1.6867089e-14
2780 1.6860766e-14
2781 1.6854475e-14
2782 1.6848217e-14
2783 1.6842006e-14
2784 1.683583e-14
2785 1.6829693e-14
2786 1.6823597e-14
2787 1.6817539e-14
2788 1.6811519e-14
2789 1.6805541e-14
2790 1.6799593e-14
2791 1.6793689e-14
2792 1.678783e-14
2793 1.6782012e-14
2794 1.6776228e-14
2795 1.6770477e-14
2796 1.676478e-14
2797 1.6759114e-14
2798 1.6753492e-14
2799 1.6747911e-14
2800 1.6742362e-14
2801 1.6736859e-14
2802 1.6731394e-14
2803 1.6725971e-14
2804 1.6720594e-14
2805 1.6715257e-14
2806 1.6709967e-14
2807 1.6704705e-14
2808 1.6699487e-14
2809 1.6694311e-14
2810 1.6689177e-14
2811 1.6684081e-14
2812 1.6679025e-14
2813 1.6674008e-14
2814 1.6669037e-14
2815 1.6664113e-14
2816 1.6659225e-14
2817 1.6654378e-14
2818 1.6649573e-14
2819 1.6644802e-14
2820 1.6640067e-14
2821 1.6635384e-14
2822 1.663074e-14
2823 1.6626122e-14
2824 1.6621555e-14
2825 1.661703e-14
2826 1.6612539e-14
2827 1.6608095e-14
2828 1.6603683e-14
2829 1.659931e-14
2830 1.6594969e-14
2831 1.6590669e-14
2832 1.6586411e-14
2833 1.658219e-14
2834 1.6578004e-14
2835 1.6573854e-14
2836 1.6569745e-14
2837 1.6565673e-14
2838 1.6561641e-14
2839 1.6557644e-14
2840 1.6553681e-14
2841 1.6549755e-14
2842 1.6545861e-14
2843 1.6542009e-14
2844 1.6538183e-14
2845 1.6534398e-14
2846 1.6530644e-14
2847 1.6526926e-14
2848 1.6523242e-14
2849 1.6519588e-14
2850 1.6515965e-14
2851 1.651237e-14
2852 1.6508807e-14
2853 1.6505284e-14
2854 1.6501788e-14
2855 1.6498319e-14
2856 1.649488e-14
2857 1.6491471e-14
2858 1.6488086e-14
2859 1.6484733e-14
2860 1.6481405e-14
2861 1.6478103e-14
2862 1.6474831e-14
2863 1.6471582e-14
2864 1.6468365e-14
2865 1.6465172e-14
2866 1.6462004e-14
2867 1.6458855e-14
2868 1.6455734e-14
2869 1.6452629e-14
2870 1.6449554e-14
2871 1.6446497e-14
2872 1.6443462e-14
2873 1.644045e-14
2874 1.6437467e-14
2875 1.6434497e-14
2876 1.6431546e-14
2877 1.6428613e-14
2878 1.6425699e-14
2879 1.6422802e-14
2880 1.6419922e-14
2881 1.6417053e-14
2882 1.6414198e-14
2883 1.6411361e-14
2884 1.6408541e-14
2885 1.6405734e-14
2886 1.6402941e-14
2887 1.6400162e-14
2888 1.6397396e-14
2889 1.6394643e-14
2890 1.6391895e-14
2891 1.6389166e-14
2892 1.638644e-14
2893 1.6383721e-14
2894 1.6381013e-14
2895 1.637831e-14
2896 1.6375624e-14
2897 1.6372931e-14
2898 1.6370251e-14
2899 1.6367577e-14
2900 1.6364908e-14
2901 1.6362241e-14
2902 1.6359582e-14
2903 1.6356929e-14
2904 1.6354275e-14
2905 1.635163e-14
2906 1.6348985e-14
2907 1.6346335e-14
2908 1.6343685e-14
2909 1.6341038e-14
2910 1.6338394e-14
2911 1.6335746e-14
2912 1.6333096e-14
2913 1.6330449e-14
2914 1.6327799e-14
2915 1.6325142e-14
2916 1.6322481e-14
2917 1.6319816e-14
2918 1.6317142e-14
2919 1.6314465e-14
2920 1.6311785e-14
2921 1.6309101e-14
2922 1.6306413e-14
2923 1.6303721e-14
2924 1.6301017e-14
2925 1.6298307e-14
2926 1.6295586e-14
2927 1.6292855e-14
2928 1.6290113e-14
2929 1.6287366e-14
2930 1.628461e-14
2931 1.6281843e-14
2932 1.6279066e-14
2933 1.627628e-14
2934 1.6273486e-14
2935 1.6270676e-14
2936 1.6267856e-14
2937 1.6265023e-14
2938 1.6262177e-14
2939 1.6259321e-14
2940 1.625645e-14
2941 1.6253567e-14
2942 1.6250672e-14
2943 1.6247763e-14
2944 1.624484e-14
2945 1.6241906e-14
2946 1.6238958e-14
2947 1.623599e-14
2948 1.6233012e-14
2949 1.6230021e-14
2950 1.6227015e-14
2951 1.6223991e-14
2952 1.6220959e-14
2953 1.6217909e-14
2954 1.6214845e-14
2955 1.6211766e-14
2956 1.6208675e-14
2957 1.6205571e-14
2958 1.6202449e-14
2959 1.6199313e-14
2960 1.6196159e-14
2961 1.6192992e-14
2962 1.6189811e-14
2963 1.6186613e-14
2964 1.6183402e-14
2965 1.6180172e-14
2966 1.6176938e-14
2967 1.6173686e-14
2968 1.6170421e-14
2969 1.6167147e-14
2970 1.6163855e-14
2971 1.6160553e-14
2972 1.6157233e-14
2973 1.6153899e-14
2974 1.6150556e-14
2975 1.6147197e-14
2976 1.6143833e-14
2977 1.6140453e-14
2978 1.6137063e-14
2979 1.613366e-14
2980 1.613025e-14
2981 1.6126829e-14
2982 1.6123398e-14
2983 1.6119958e-14
2984 1.611651e-14
2985 1.6113056e-14
2986 1.610959e-14
2987 1.6106115e-14
2988 1.6102638e-14
2989 1.6099153e-14
2990 1.6095663e-14
2991 1.6092166e-14
2992 1.6088666e-14
2993 1.6085157e-14
2994 1.6081649e-14
2995 1.6078138e-14
2996 1.6074623e-14
2997 1.6071113e-14
2998 1.6067598e-14
2999 1.6064081e-14
3000 1.6060569e-14
