# Fiducial parameters: cosmomc_theta = 0.0104092, logA = 3.044, ombh2 = 0.02237, omch2 = 0.12, ns = 0.9649, tau = 0.0544, h = 0.6733981423479604, lens_potential_accuracy = 8, lens_margin = 2050, AccuracyBoost = 2.0, lSampleBoost = 2.0, lAccuracyBoost = 2.0, kmax = 10, k_per_logint = 130, nonlinear = True, DoLateRadTruncation = False
30 1.8606928e-10
31 1.7466291e-10
32 1.6423469e-10
33 1.5466985e-10
34 1.4587002e-10
35 1.3776557e-10
36 1.3027711e-10
37 1.2335117e-10
38 1.1692405e-10
39 1.1095918e-10
40 1.0541339e-10
41 1.0024461e-10
42 9.5420258e-11
43 9.0912182e-11
44 8.6696399e-11
45 8.2747702e-11
46 7.9040513e-11
47 7.5553144e-11
48 7.2283875e-11
49 6.9204513e-11
50 6.6297132e-11
51 6.356067e-11
52 6.098261e-11
53 5.8540828e-11
54 5.6232253e-11
55 5.4047698e-11
56 5.1975845e-11
57 5.0009512e-11
58 4.8146622e-11
59 4.6371293e-11
60 4.4689908e-11
61 4.3086331e-11
62 4.1562053e-11
63 4.0115325e-11
64 3.8732229e-11
65 3.7412582e-11
66 3.6153267e-11
67 3.4952989e-11
68 3.3803463e-11
69 3.2705485e-11
70 3.1654738e-11
71 3.0650487e-11
72 2.9690782e-11
73 2.8772562e-11
74 2.7890565e-11
75 2.704369e-11
76 2.623249e-11
77 2.5454784e-11
78 2.4706699e-11
79 2.3987803e-11
80 2.3297248e-11
81 2.2631811e-11
82 2.1994183e-11
83 2.137897e-11
84 2.0789314e-11
85 2.0220382e-11
86 1.967166e-11
87 1.9143656e-11
88 1.8634537e-11
89 1.8143051e-11
90 1.766921e-11
91 1.7211977e-11
92 1.6772814e-11
93 1.6345868e-11
94 1.5933618e-11
95 1.5536852e-11
96 1.5154187e-11
97 1.4783714e-11
98 1.4425056e-11
99 1.4078348e-11
100 1.3741906e-11
101 1.3417207e-11
102 1.3102451e-11
103 1.2796832e-11
104 1.2503443e-11
105 1.2218454e-11
106 1.1940382e-11
107 1.1672113e-11
108 1.1411601e-11
109 1.1159856e-11
110 1.0915327e-11
111 1.0677605e-11
112 1.0447537e-11
113 1.0223906e-11
114 1.0006948e-11
115 9.7965559e-12
116 9.5915807e-12
117 9.3923626e-12
118 9.1995332e-12
119 9.0124836e-12
120 8.8296543e-12
121 8.6515531e-12
122 8.4788709e-12
123 8.3108191e-12
124 8.1481561e-12
125 7.9895587e-12
126 7.8353226e-12
127 7.6849951e-12
128 7.5385127e-12
129 7.3954921e-12
130 7.256125e-12
131 7.1202571e-12
132 6.989056e-12
133 6.860542e-12
134 6.7355457e-12
135 6.6138531e-12
136 6.4944538e-12
137 6.3788159e-12
138 6.2659476e-12
139 6.1559136e-12
140 6.0488948e-12
141 5.9441523e-12
142 5.8418376e-12
143 5.7415763e-12
144 5.6438161e-12
145 5.5485201e-12
146 5.4555242e-12
147 5.3645079e-12
148 5.2758766e-12
149 5.1894859e-12
150 5.1048655e-12
151 5.0224097e-12
152 4.9414007e-12
153 4.8625119e-12
154 4.7851505e-12
155 4.7095961e-12
156 4.6358502e-12
157 4.5637858e-12
158 4.4931035e-12
159 4.4239586e-12
160 4.3564634e-12
161 4.2905477e-12
162 4.2261478e-12
163 4.1634475e-12
164 4.1012569e-12
165 4.0409307e-12
166 3.9816934e-12
167 3.9237022e-12
168 3.8667195e-12
169 3.8112007e-12
170 3.7566011e-12
171 3.7029723e-12
172 3.6507433e-12
173 3.5994322e-12
174 3.5493104e-12
175 3.5001831e-12
176 3.4519333e-12
177 3.4047691e-12
178 3.3582459e-12
179 3.3127753e-12
180 3.2683104e-12
181 3.2245172e-12
182 3.1817243e-12
183 3.1395262e-12
184 3.0984459e-12
185 3.0578459e-12
186 3.0181644e-12
187 2.9793767e-12
188 2.9414239e-12
189 2.9041275e-12
190 2.8674547e-12
191 2.8313043e-12
192 2.7958481e-12
193 2.7609971e-12
194 2.7267453e-12
195 2.6932237e-12
196 2.6603572e-12
197 2.6279511e-12
198 2.5963142e-12
199 2.5650492e-12
200 2.534321e-12
201 2.5041328e-12
202 2.4744881e-12
203 2.4453425e-12
204 2.4167207e-12
205 2.3886059e-12
206 2.3609769e-12
207 2.333818e-12
208 2.3071403e-12
209 2.2807565e-12
210 2.2548368e-12
211 2.2293212e-12
212 2.2042779e-12
213 2.1796789e-12
214 2.1555086e-12
215 2.1318433e-12
216 2.1084062e-12
217 2.0854076e-12
218 2.0627319e-12
219 2.0405272e-12
220 2.0184847e-12
221 1.9969996e-12
222 1.9757344e-12
223 1.9547816e-12
224 1.9340974e-12
225 1.9137015e-12
226 1.8936484e-12
227 1.8739538e-12
228 1.8545274e-12
229 1.8354977e-12
230 1.8166983e-12
231 1.7981936e-12
232 1.7799758e-12
233 1.761931e-12
234 1.7441973e-12
235 1.7267462e-12
236 1.7094627e-12
237 1.692484e-12
238 1.6757607e-12
239 1.6592692e-12
240 1.643017e-12
241 1.6269032e-12
242 1.6111531e-12
243 1.5955522e-12
244 1.580129e-12
245 1.5650054e-12
246 1.5500767e-12
247 1.5354027e-12
248 1.5208458e-12
249 1.5065231e-12
250 1.4923491e-12
251 1.478375e-12
252 1.4645732e-12
253 1.4510018e-12
254 1.437558e-12
255 1.4243925e-12
256 1.4113764e-12
257 1.398465e-12
258 1.3857026e-12
259 1.3730581e-12
260 1.3606443e-12
261 1.3483846e-12
262 1.336284e-12
263 1.3243802e-12
264 1.3125698e-12
265 1.3009862e-12
266 1.2894814e-12
267 1.2781437e-12
268 1.2669518e-12
269 1.2558844e-12
270 1.2449044e-12
271 1.2340906e-12
272 1.2234607e-12
273 1.2128986e-12
274 1.2024481e-12
275 1.1921788e-12
276 1.182002e-12
277 1.1719295e-12
278 1.1620073e-12
279 1.152166e-12
280 1.1424423e-12
281 1.132889e-12
282 1.1234221e-12
283 1.1140379e-12
284 1.1048216e-12
285 1.0956596e-12
286 1.0866532e-12
287 1.0777359e-12
288 1.0689328e-12
289 1.0601873e-12
290 1.0515624e-12
291 1.0430404e-12
292 1.0346126e-12
293 1.0262074e-12
294 1.0179732e-12
295 1.0098323e-12
296 1.001745e-12
297 9.9375702e-13
298 9.8580075e-13
299 9.7803392e-13
300 9.7032245e-13
301 9.6267957e-13
302 9.5513994e-13
303 9.4770324e-13
304 9.4032084e-13
305 9.3301062e-13
306 9.2574963e-13
307 9.1860328e-13
308 9.1154531e-13
309 9.0453942e-13
310 8.9763779e-13
311 8.9077337e-13
312 8.8398255e-13
313 8.7728655e-13
314 8.7065906e-13
315 8.6409357e-13
316 8.5757581e-13
317 8.5115249e-13
318 8.4478068e-13
319 8.3848377e-13
320 8.3224686e-13
321 8.2606786e-13
322 8.1999282e-13
323 8.1397139e-13
324 8.0802865e-13
325 8.0212464e-13
326 7.9629415e-13
327 7.9051046e-13
328 7.8476243e-13
329 7.7909275e-13
330 7.7349081e-13
331 7.6792186e-13
332 7.6242093e-13
333 7.5698544e-13
334 7.5159703e-13
335 7.4625836e-13
336 7.4097213e-13
337 7.3573549e-13
338 7.3056342e-13
339 7.2543897e-13
340 7.2037945e-13
341 7.1533734e-13
342 7.1036893e-13
343 7.0547232e-13
344 7.0058636e-13
345 6.9575065e-13
346 6.9095583e-13
347 6.8620589e-13
348 6.8151889e-13
349 6.7688094e-13
350 6.7229863e-13
351 6.6775678e-13
352 6.632216e-13
353 6.5877706e-13
354 6.5434713e-13
355 6.4997442e-13
356 6.4561607e-13
357 6.41331e-13
358 6.3705097e-13
359 6.3283353e-13
360 6.2865264e-13
361 6.2452873e-13
362 6.2041457e-13
363 6.163588e-13
364 6.1234065e-13
365 6.083653e-13
366 6.0440715e-13
367 6.0049773e-13
368 5.9661716e-13
369 5.9277687e-13
370 5.8897963e-13
371 5.8521954e-13
372 5.8147108e-13
373 5.7777463e-13
374 5.7410558e-13
375 5.7046774e-13
376 5.6687463e-13
377 5.6331137e-13
378 5.5977771e-13
379 5.5626885e-13
380 5.5279455e-13
381 5.4934832e-13
382 5.4594404e-13
383 5.4254674e-13
384 5.3919018e-13
385 5.3586064e-13
386 5.3255612e-13
387 5.2928819e-13
388 5.2606861e-13
389 5.2287319e-13
390 5.1970522e-13
391 5.1655633e-13
392 5.134255e-13
393 5.1032821e-13
394 5.0725889e-13
395 5.0422476e-13
396 5.0121162e-13
397 4.9820477e-13
398 4.952334e-13
399 4.922961e-13
400 4.893858e-13
401 4.8649254e-13
402 4.8363268e-13
403 4.8079648e-13
404 4.7798386e-13
405 4.7518122e-13
406 4.7241762e-13
407 4.6967028e-13
408 4.6693426e-13
409 4.6423664e-13
410 4.6157588e-13
411 4.5891727e-13
412 4.5629358e-13
413 4.5368227e-13
414 4.5109142e-13
415 4.4851736e-13
416 4.459697e-13
417 4.434488e-13
418 4.4095052e-13
419 4.3847127e-13
420 4.3600161e-13
421 4.3356174e-13
422 4.3115281e-13
423 4.2874973e-13
424 4.2636999e-13
425 4.2399761e-13
426 4.2166556e-13
427 4.1933372e-13
428 4.1703483e-13
429 4.1473111e-13
430 4.124629e-13
431 4.1022035e-13
432 4.0799928e-13
433 4.0579213e-13
434 4.0359946e-13
435 4.0143177e-13
436 3.9926554e-13
437 3.9712665e-13
438 3.9500519e-13
439 3.929014e-13
440 3.9080635e-13
441 3.8873681e-13
442 3.8667656e-13
443 3.846336e-13
444 3.8261135e-13
445 3.8059717e-13
446 3.7861003e-13
447 3.7663964e-13
448 3.7468903e-13
449 3.7274722e-13
450 3.7081254e-13
451 3.6890101e-13
452 3.6700216e-13
453 3.6511249e-13
454 3.6325066e-13
455 3.6140218e-13
456 3.5956664e-13
457 3.5774284e-13
458 3.5592979e-13
459 3.5413266e-13
460 3.523508e-13
461 3.5058274e-13
462 3.4883011e-13
463 3.470886e-13
464 3.4536489e-13
465 3.4365289e-13
466 3.4194601e-13
467 3.4025847e-13
468 3.3857929e-13
469 3.3691545e-13
470 3.3526883e-13
471 3.3363698e-13
472 3.3202636e-13
473 3.304206e-13
474 3.2881836e-13
475 3.2723388e-13
476 3.2566359e-13
477 3.2410073e-13
478 3.2255232e-13
479 3.2102334e-13
480 3.1949793e-13
481 3.1798564e-13
482 3.16487e-13
483 3.1499454e-13
484 3.1351608e-13
485 3.1205128e-13
486 3.1058846e-13
487 3.0914184e-13
488 3.0771054e-13
489 3.0629006e-13
490 3.0488178e-13
491 3.0347028e-13
492 3.0207651e-13
493 3.0069515e-13
494 2.9932429e-13
495 2.979613e-13
496 2.9660934e-13
497 2.9527159e-13
498 2.9394023e-13
499 2.9262217e-13
500 2.9130172e-13
501 2.900015e-13
502 2.8870884e-13
503 2.874247e-13
504 2.8615589e-13
505 2.8488705e-13
506 2.8363642e-13
507 2.8238838e-13
508 2.8115197e-13
509 2.7991787e-13
510 2.7869448e-13
511 2.7748153e-13
512 2.7627666e-13
513 2.7508441e-13
514 2.7389918e-13
515 2.7272268e-13
516 2.7155724e-13
517 2.703995e-13
518 2.6923994e-13
519 2.680974e-13
520 2.6696268e-13
521 2.6583284e-13
522 2.6472088e-13
523 2.6360344e-13
524 2.6249812e-13
525 2.6140397e-13
526 2.6031487e-13
527 2.5923681e-13
528 2.5816111e-13
529 2.5710024e-13
530 2.5603565e-13
531 2.5498394e-13
532 2.5394613e-13
533 2.5290378e-13
534 2.5187633e-13
535 2.5085371e-13
536 2.4983724e-13
537 2.4882693e-13
538 2.4782888e-13
539 2.4683264e-13
540 2.4584587e-13
541 2.4486299e-13
542 2.4388576e-13
543 2.4291423e-13
544 2.419516e-13
545 2.409939e-13
546 2.4004281e-13
547 2.3909317e-13
548 2.3815266e-13
549 2.3721826e-13
550 2.3629446e-13
551 2.3537198e-13
552 2.3446282e-13
553 2.3355162e-13
554 2.326482e-13
555 2.3174769e-13
556 2.3085677e-13
557 2.2997257e-13
558 2.2909005e-13
559 2.2821601e-13
560 2.2734807e-13
561 2.2648484e-13
562 2.2562572e-13
563 2.2477125e-13
564 2.2392587e-13
565 2.2308079e-13
566 2.2224108e-13
567 2.2141171e-13
568 2.2058183e-13
569 2.1976361e-13
570 2.1894536e-13
571 2.1812822e-13
572 2.1732282e-13
573 2.1652466e-13
574 2.1572286e-13
575 2.1492893e-13
576 2.1414309e-13
577 2.1335777e-13
578 2.1257858e-13
579 2.1180672e-13
580 2.1103598e-13
581 2.1027036e-13
582 2.0951005e-13
583 2.087535e-13
584 2.0800213e-13
585 2.0725508e-13
586 2.0651376e-13
587 2.0577497e-13
588 2.0504465e-13
589 2.0431204e-13
590 2.0358956e-13
591 2.0286609e-13
592 2.0214628e-13
593 2.0143288e-13
594 2.0072265e-13
595 2.0001921e-13
596 1.9932023e-13
597 1.9862078e-13
598 1.9792749e-13
599 1.9723364e-13
600 1.9654675e-13
601 1.9586324e-13
602 1.9518396e-13
603 1.9451021e-13
604 1.9383802e-13
605 1.9317076e-13
606 1.9250606e-13
607 1.918456e-13
608 1.9118786e-13
609 1.9053553e-13
610 1.8988381e-13
611 1.8923639e-13
612 1.8859155e-13
613 1.8795297e-13
614 1.8732077e-13
615 1.8668806e-13
616 1.860602e-13
617 1.8543438e-13
618 1.8481196e-13
619 1.8418914e-13
620 1.8357011e-13
621 1.8295688e-13
622 1.8234734e-13
623 1.8174062e-13
624 1.8113581e-13
625 1.805362e-13
626 1.7993785e-13
627 1.7934317e-13
628 1.787534e-13
629 1.7816546e-13
630 1.775823e-13
631 1.7700146e-13
632 1.7642093e-13
633 1.7584339e-13
634 1.7526851e-13
635 1.7469764e-13
636 1.7413101e-13
637 1.7356721e-13
638 1.7300546e-13
639 1.7244407e-13
640 1.7188696e-13
641 1.7133419e-13
642 1.7078497e-13
643 1.7023653e-13
644 1.696897e-13
645 1.6914831e-13
646 1.6860928e-13
647 1.6807012e-13
648 1.6753647e-13
649 1.6700403e-13
650 1.6647278e-13
651 1.6594687e-13
652 1.654224e-13
653 1.6490007e-13
654 1.6438083e-13
655 1.6386189e-13
656 1.6335008e-13
657 1.6283754e-13
658 1.6232795e-13
659 1.6182249e-13
660 1.6131701e-13
661 1.6081557e-13
662 1.6031582e-13
663 1.5981701e-13
664 1.5932082e-13
665 1.5882776e-13
666 1.5833638e-13
667 1.5784979e-13
668 1.5736474e-13
669 1.5688251e-13
670 1.5640256e-13
671 1.5592362e-13
672 1.5544737e-13
673 1.5497306e-13
674 1.5450214e-13
675 1.5402983e-13
676 1.5356329e-13
677 1.530986e-13
678 1.5263359e-13
679 1.5217174e-13
680 1.5171195e-13
681 1.5125372e-13
682 1.5079852e-13
683 1.5034468e-13
684 1.4989512e-13
685 1.4944477e-13
686 1.4899751e-13
687 1.4855192e-13
688 1.4810954e-13
689 1.4766784e-13
690 1.4722925e-13
691 1.4679231e-13
692 1.4635747e-13
693 1.4592355e-13
694 1.454925e-13
695 1.4506268e-13
696 1.4463411e-13
697 1.4420874e-13
698 1.4378445e-13
699 1.4336417e-13
700 1.4294505e-13
701 1.4252708e-13
702 1.4210999e-13
703 1.4169603e-13
704 1.4128252e-13
705 1.4087206e-13
706 1.404638e-13
707 1.4005624e-13
708 1.3965078e-13
709 1.3924798e-13
710 1.3884558e-13
711 1.3844475e-13
712 1.3804748e-13
713 1.3765048e-13
714 1.3725411e-13
715 1.3685983e-13
716 1.3646815e-13
717 1.3607784e-13
718 1.3568921e-13
719 1.3530209e-13
720 1.349182e-13
721 1.3453528e-13
722 1.341531e-13
723 1.3377422e-13
724 1.3339436e-13
725 1.330175e-13
726 1.3264359e-13
727 1.3226965e-13
728 1.3189791e-13
729 1.315283e-13
730 1.3115951e-13
731 1.3079434e-13
732 1.3043026e-13
733 1.3006739e-13
734 1.2970557e-13
735 1.2934407e-13
736 1.28987e-13
737 1.2862975e-13
738 1.2827333e-13
739 1.2792042e-13
740 1.2756737e-13
741 1.2721597e-13
742 1.268667e-13
743 1.2651841e-13
744 1.2617187e-13
745 1.2582642e-13
746 1.2548199e-13
747 1.2514049e-13
748 1.2480057e-13
749 1.2446157e-13
750 1.2412294e-13
751 1.2378695e-13
752 1.2345077e-13
753 1.2311652e-13
754 1.2278366e-13
755 1.2245279e-13
756 1.221235e-13
757 1.2179475e-13
758 1.2146868e-13
759 1.2114392e-13
760 1.2081985e-13
761 1.2049624e-13
762 1.201757e-13
763 1.1985529e-13
764 1.1953661e-13
765 1.1921881e-13
766 1.1890401e-13
767 1.1859076e-13
768 1.1827795e-13
769 1.1796618e-13
770 1.1765674e-13
771 1.173481e-13
772 1.1703987e-13
773 1.1673341e-13
774 1.1642851e-13
775 1.1612397e-13
776 1.1582217e-13
777 1.1552236e-13
778 1.1522298e-13
779 1.1492558e-13
780 1.1462846e-13
781 1.1433302e-13
782 1.1403815e-13
783 1.1374375e-13
784 1.1345161e-13
785 1.1316023e-13
786 1.1287136e-13
787 1.1258312e-13
788 1.1229627e-13
789 1.1201039e-13
790 1.1172582e-13
791 1.1144175e-13
792 1.1115948e-13
793 1.1087825e-13
794 1.1059921e-13
795 1.1032098e-13
796 1.1004363e-13
797 1.0976865e-13
798 1.094936e-13
799 1.0922028e-13
800 1.0894854e-13
801 1.0867769e-13
802 1.0840805e-13
803 1.0814025e-13
804 1.078724e-13
805 1.0760609e-13
806 1.0734068e-13
807 1.0707745e-13
808 1.068145e-13
809 1.0655288e-13
810 1.0629327e-13
811 1.0603469e-13
812 1.057758e-13
813 1.0551992e-13
814 1.0526458e-13
815 1.0501017e-13
816 1.0475566e-13
817 1.0450184e-13
818 1.0425137e-13
819 1.0400024e-13
820 1.0375049e-13
821 1.0350207e-13
822 1.0325648e-13
823 1.0300988e-13
824 1.0276461e-13
825 1.0251965e-13
826 1.0227657e-13
827 1.0203423e-13
828 1.0179258e-13
829 1.0155214e-13
830 1.0131239e-13
831 1.0107466e-13
832 1.0083731e-13
833 1.0060132e-13
834 1.0036697e-13
835 1.0013249e-13
836 9.9899476e-14
837 9.9666837e-14
838 9.9435956e-14
839 9.9205603e-14
840 9.8976025e-14
841 9.8747742e-14
842 9.8520168e-14
843 9.8294063e-14
844 9.806852e-14
845 9.7844024e-14
846 9.7619817e-14
847 9.739713e-14
848 9.7174244e-14
849 9.6952839e-14
850 9.6732848e-14
851 9.651332e-14
852 9.6295472e-14
853 9.607802e-14
854 9.5862152e-14
855 9.5646777e-14
856 9.5432607e-14
857 9.5219121e-14
858 9.5005885e-14
859 9.4793634e-14
860 9.4582311e-14
861 9.4372715e-14
862 9.4163324e-14
863 9.395409e-14
864 9.3746068e-14
865 9.3538563e-14
866 9.3332007e-14
867 9.3126407e-14
868 9.2921443e-14
869 9.2717352e-14
870 9.2514302e-14
871 9.2311193e-14
872 9.2110272e-14
873 9.190827e-14
874 9.1709368e-14
875 9.1510154e-14
876 9.1311678e-14
877 9.1113694e-14
878 9.0917048e-14
879 9.0721565e-14
880 9.0525068e-14
881 9.0330377e-14
882 9.0136253e-14
883 8.9943746e-14
884 8.9750645e-14
885 8.9558988e-14
886 8.9367947e-14
887 8.9177694e-14
888 8.8988226e-14
889 8.8799219e-14
890 8.8610584e-14
891 8.8423142e-14
892 8.8235732e-14
893 8.8049699e-14
894 8.7863733e-14
895 8.7679001e-14
896 8.7494524e-14
897 8.7310439e-14
898 8.7127434e-14
899 8.6944744e-14
900 8.6763467e-14
901 8.6582277e-14
902 8.6401799e-14
903 8.6221961e-14
904 8.6042402e-14
905 8.5863603e-14
906 8.5685621e-14
907 8.5508073e-14
908 8.5331579e-14
909 8.5154599e-14
910 8.4978192e-14
911 8.4803031e-14
912 8.4628822e-14
913 8.4454674e-14
914 8.428077e-14
915 8.4107524e-14
916 8.3934781e-14
917 8.376262e-14
918 8.3590597e-14
919 8.3419268e-14
920 8.3249012e-14
921 8.3079001e-14
922 8.2909533e-14
923 8.2740485e-14
924 8.257219e-14
925 8.2404579e-14
926 8.2237085e-14
927 8.2070715e-14
928 8.1903994e-14
929 8.1738447e-14
930 8.1573544e-14
931 8.1409144e-14
932 8.1244906e-14
933 8.1081017e-14
934 8.0918305e-14
935 8.0755617e-14
936 8.0593719e-14
937 8.0431615e-14
938 8.0270051e-14
939 8.0109456e-14
940 7.9948598e-14
941 7.9788624e-14
942 7.9629396e-14
943 7.9470325e-14
944 7.9311814e-14
945 7.9153979e-14
946 7.8996622e-14
947 7.8839488e-14
948 7.8682663e-14
949 7.852713e-14
950 7.83717e-14
951 7.8216395e-14
952 7.8061798e-14
953 7.7906852e-14
954 7.7753006e-14
955 7.7599458e-14
956 7.7446236e-14
957 7.729334e-14
958 7.7140889e-14
959 7.6989224e-14
960 7.6837621e-14
961 7.6686439e-14
962 7.653564e-14
963 7.6385477e-14
964 7.6235104e-14
965 7.6085966e-14
966 7.5936917e-14
967 7.5788856e-14
968 7.5640779e-14
969 7.5493086e-14
970 7.534566e-14
971 7.5198795e-14
972 7.5052389e-14
973 7.4906294e-14
974 7.4760377e-14
975 7.4615399e-14
976 7.4470159e-14
977 7.4325227e-14
978 7.4181126e-14
979 7.4037359e-14
980 7.3894158e-14
981 7.3750764e-14
982 7.3607842e-14
983 7.3465437e-14
984 7.332323e-14
985 7.3181802e-14
986 7.3040786e-14
987 7.2899904e-14
988 7.2759355e-14
989 7.2618666e-14
990 7.2478954e-14
991 7.2339662e-14
992 7.2199938e-14
993 7.2061015e-14
994 7.1922873e-14
995 7.1785008e-14
996 7.1647556e-14
997 7.151023e-14
998 7.1372735e-14
999 7.1235713e-14
1000 7.1099086e-14
1001 7.0962868e-14
1002 7.0826821e-14
1003 7.0691066e-14
1004 7.0555857e-14
1005 7.0421171e-14
1006 7.0286724e-14
1007 7.0152719e-14
1008 7.0018499e-14
1009 6.9884747e-14
1010 6.9751662e-14
1011 6.9618834e-14
1012 6.9485975e-14
1013 6.9354043e-14
1014 6.9222405e-14
1015 6.9090948e-14
1016 6.8959936e-14
1017 6.8829169e-14
1018 6.8698874e-14
1019 6.8569032e-14
1020 6.8439203e-14
1021 6.8309966e-14
1022 6.8180766e-14
1023 6.8052074e-14
1024 6.7923463e-14
1025 6.7795128e-14
1026 6.7667238e-14
1027 6.7539957e-14
1028 6.7412718e-14
1029 6.7285672e-14
1030 6.7158698e-14
1031 6.7032317e-14
1032 6.6906047e-14
1033 6.6780259e-14
1034 6.6654834e-14
1035 6.6529627e-14
1036 6.6405054e-14
1037 6.6280659e-14
1038 6.6156546e-14
1039 6.6032613e-14
1040 6.5909254e-14
1041 6.5786383e-14
1042 6.5663382e-14
1043 6.5540957e-14
1044 6.5418774e-14
1045 6.5296682e-14
1046 6.5175372e-14
1047 6.5054305e-14
1048 6.4933342e-14
1049 6.481323e-14
1050 6.4692664e-14
1051 6.4572603e-14
1052 6.4453141e-14
1053 6.4333761e-14
1054 6.4214529e-14
1055 6.4095758e-14
1056 6.3977557e-14
1057 6.38592e-14
1058 6.3741257e-14
1059 6.3623893e-14
1060 6.3507121e-14
1061 6.3390314e-14
1062 6.3273774e-14
1063 6.3157678e-14
1064 6.3042004e-14
1065 6.2926571e-14
1066 6.2811487e-14
1067 6.2696355e-14
1068 6.2581642e-14
1069 6.246706e-14
1070 6.2353253e-14
1071 6.2239495e-14
1072 6.21262e-14
1073 6.2013047e-14
1074 6.1900309e-14
1075 6.1787942e-14
1076 6.1675729e-14
1077 6.156364e-14
1078 6.1452009e-14
1079 6.1340559e-14
1080 6.122968e-14
1081 6.1119035e-14
1082 6.1008615e-14
1083 6.0898608e-14
1084 6.0788747e-14
1085 6.0679289e-14
1086 6.057021e-14
1087 6.0461377e-14
1088 6.0352541e-14
1089 6.0244388e-14
1090 6.0136527e-14
1091 6.0028921e-14
1092 5.9921533e-14
1093 5.9814605e-14
1094 5.9708213e-14
1095 5.9601981e-14
1096 5.9495985e-14
1097 5.9390006e-14
1098 5.9284516e-14
1099 5.9179097e-14
1100 5.9074241e-14
1101 5.8969788e-14
1102 5.8865239e-14
1103 5.8761344e-14
1104 5.8657623e-14
1105 5.8554181e-14
1106 5.8451151e-14
1107 5.834852e-14
1108 5.8245974e-14
1109 5.8143725e-14
1110 5.8041977e-14
1111 5.7940756e-14
1112 5.7839468e-14
1113 5.7738707e-14
1114 5.7638549e-14
1115 5.7538135e-14
1116 5.743801e-14
1117 5.7338642e-14
1118 5.723921e-14
1119 5.7140122e-14
1120 5.7041169e-14
1121 5.6942539e-14
1122 5.6844202e-14
1123 5.6746107e-14
1124 5.6648285e-14
1125 5.6551061e-14
1126 5.6453858e-14
1127 5.6357183e-14
1128 5.6261024e-14
1129 5.6164809e-14
1130 5.6068672e-14
1131 5.5973116e-14
1132 5.587761e-14
1133 5.5782586e-14
1134 5.5687893e-14
1135 5.5593519e-14
1136 5.5499567e-14
1137 5.5405868e-14
1138 5.5312068e-14
1139 5.5218872e-14
1140 5.5126046e-14
1141 5.5033315e-14
1142 5.4941223e-14
1143 5.4849179e-14
1144 5.4756985e-14
1145 5.4665644e-14
1146 5.4574142e-14
1147 5.4483084e-14
1148 5.4392619e-14
1149 5.4302397e-14
1150 5.4212157e-14
1151 5.4122274e-14
1152 5.4032843e-14
1153 5.3943325e-14
1154 5.3854266e-14
1155 5.3765321e-14
1156 5.3676569e-14
1157 5.3588367e-14
1158 5.3500545e-14
1159 5.3412844e-14
1160 5.3325468e-14
1161 5.3238383e-14
1162 5.3151535e-14
1163 5.3064942e-14
1164 5.2978574e-14
1165 5.2892372e-14
1166 5.280627e-14
1167 5.2720569e-14
1168 5.2635175e-14
1169 5.2549928e-14
1170 5.2464883e-14
1171 5.2380202e-14
1172 5.2295554e-14
1173 5.2211142e-14
1174 5.2127079e-14
1175 5.2043386e-14
1176 5.1959826e-14
1177 5.1876828e-14
1178 5.1793835e-14
1179 5.1711028e-14
1180 5.1628486e-14
1181 5.1546231e-14
1182 5.1464311e-14
1183 5.1382809e-14
1184 5.1300925e-14
1185 5.1219389e-14
1186 5.1138197e-14
1187 5.1057441e-14
1188 5.0976772e-14
1189 5.089633e-14
1190 5.081613e-14
1191 5.0736405e-14
1192 5.0656442e-14
1193 5.0576819e-14
1194 5.04974e-14
1195 5.0418302e-14
1196 5.033936e-14
1197 5.0260182e-14
1198 5.0181794e-14
1199 5.0103347e-14
1200 5.0025445e-14
1201 4.9947466e-14
1202 4.9869839e-14
1203 4.9792164e-14
1204 4.9715027e-14
1205 4.9638004e-14
1206 4.9561268e-14
1207 4.9484576e-14
1208 4.9408114e-14
1209 4.9331963e-14
1210 4.9255876e-14
1211 4.9180009e-14
1212 4.9104314e-14
1213 4.9028687e-14
1214 4.89534e-14
1215 4.8878355e-14
1216 4.880326e-14
1217 4.8728456e-14
1218 4.8653832e-14
1219 4.8579407e-14
1220 4.850521e-14
1221 4.843114e-14
1222 4.8357343e-14
1223 4.8283641e-14
1224 4.8210068e-14
1225 4.8136674e-14
1226 4.8063724e-14
1227 4.7990703e-14
1228 4.7917883e-14
1229 4.7845194e-14
1230 4.7772628e-14
1231 4.7700108e-14
1232 4.7627917e-14
1233 4.7556011e-14
1234 4.7484093e-14
1235 4.7412442e-14
1236 4.7340963e-14
1237 4.7269633e-14
1238 4.7198512e-14
1239 4.7127558e-14
1240 4.7056627e-14
1241 4.6986085e-14
1242 4.6915691e-14
1243 4.6845453e-14
1244 4.6775482e-14
1245 4.6705455e-14
1246 4.6635424e-14
1247 4.656541e-14
1248 4.6495739e-14
1249 4.6426232e-14
1250 4.6356958e-14
1251 4.6287726e-14
1252 4.6218471e-14
1253 4.6149576e-14
1254 4.6080839e-14
1255 4.6012167e-14
1256 4.5943477e-14
1257 4.5875326e-14
1258 4.5807154e-14
1259 4.5739052e-14
1260 4.5670941e-14
1261 4.5603159e-14
1262 4.5535538e-14
1263 4.5467953e-14
1264 4.5400722e-14
1265 4.5333292e-14
1266 4.5266094e-14
1267 4.5199124e-14
1268 4.5132334e-14
1269 4.5065543e-14
1270 4.499882e-14
1271 4.4932196e-14
1272 4.4865577e-14
1273 4.4799295e-14
1274 4.4733129e-14
1275 4.4667082e-14
1276 4.4601195e-14
1277 4.453547e-14
1278 4.4469839e-14
1279 4.44041e-14
1280 4.4338815e-14
1281 4.4273369e-14
1282 4.4208165e-14
1283 4.4143015e-14
1284 4.4078128e-14
1285 4.4013253e-14
1286 4.3948449e-14
1287 4.3883863e-14
1288 4.381943e-14
1289 4.3755013e-14
1290 4.3690647e-14
1291 4.3626556e-14
1292 4.3562445e-14
1293 4.3498484e-14
1294 4.3434555e-14
1295 4.3370838e-14
1296 4.3307223e-14
1297 4.3243732e-14
1298 4.3180398e-14
1299 4.3117073e-14
1300 4.3053921e-14
1301 4.2990789e-14
1302 4.2927774e-14
1303 4.2864823e-14
1304 4.2802077e-14
1305 4.2739442e-14
1306 4.2676775e-14
1307 4.261426e-14
1308 4.2551977e-14
1309 4.2489601e-14
1310 4.2427412e-14
1311 4.2365467e-14
1312 4.230353e-14
1313 4.2241661e-14
1314 4.2179915e-14
1315 4.2118351e-14
1316 4.2056942e-14
1317 4.1995426e-14
1318 4.193413e-14
1319 4.1872943e-14
1320 4.1811824e-14
1321 4.1750809e-14
1322 4.1690104e-14
1323 4.1629319e-14
1324 4.1568676e-14
1325 4.1508035e-14
1326 4.1447457e-14
1327 4.1387072e-14
1328 4.1326874e-14
1329 4.1266649e-14
1330 4.1206496e-14
1331 4.114653e-14
1332 4.1086573e-14
1333 4.1026694e-14
1334 4.0967028e-14
1335 4.090735e-14
1336 4.084787e-14
1337 4.0788599e-14
1338 4.0729344e-14
1339 4.0670115e-14
1340 4.061101e-14
1341 4.0551835e-14
1342 4.0492895e-14
1343 4.043405e-14
1344 4.0375332e-14
1345 4.0316824e-14
1346 4.0258447e-14
1347 4.0200084e-14
1348 4.014162e-14
1349 4.0083483e-14
1350 4.0025405e-14
1351 3.996746e-14
1352 3.990955e-14
1353 3.9851773e-14
1354 3.9794128e-14
1355 3.9736637e-14
1356 3.9679235e-14
1357 3.9621868e-14
1358 3.9564523e-14
1359 3.9507428e-14
1360 3.9450316e-14
1361 3.93933e-14
1362 3.933646e-14
1363 3.9279678e-14
1364 3.9223005e-14
1365 3.916631e-14
1366 3.9109849e-14
1367 3.9053508e-14
1368 3.8997296e-14
1369 3.8941229e-14
1370 3.8885191e-14
1371 3.8829364e-14
1372 3.877338e-14
1373 3.8717579e-14
1374 3.8661819e-14
1375 3.860641e-14
1376 3.8550861e-14
1377 3.8495468e-14
1378 3.8440283e-14
1379 3.8385222e-14
1380 3.8330363e-14
1381 3.827543e-14
1382 3.8220679e-14
1383 3.8166023e-14
1384 3.8111526e-14
1385 3.8056998e-14
1386 3.8002606e-14
1387 3.7948244e-14
1388 3.7894158e-14
1389 3.7840066e-14
1390 3.7786089e-14
1391 3.7732263e-14
1392 3.7678539e-14
1393 3.7624824e-14
1394 3.7571353e-14
1395 3.7517893e-14
1396 3.746461e-14
1397 3.7411392e-14
1398 3.7358346e-14
1399 3.7305496e-14
1400 3.7252753e-14
1401 3.7199932e-14
1402 3.7147245e-14
1403 3.7094818e-14
1404 3.7042362e-14
1405 3.6990097e-14
1406 3.6937923e-14
1407 3.6885757e-14
1408 3.683373e-14
1409 3.6781928e-14
1410 3.673007e-14
1411 3.6678369e-14
1412 3.6626809e-14
1413 3.6575413e-14
1414 3.652425e-14
1415 3.6472911e-14
1416 3.6421818e-14
1417 3.637079e-14
1418 3.631984e-14
1419 3.6269104e-14
1420 3.6218471e-14
1421 3.6167892e-14
1422 3.6117573e-14
1423 3.6067323e-14
1424 3.6017135e-14
1425 3.59671e-14
1426 3.5917192e-14
1427 3.5867371e-14
1428 3.5817738e-14
1429 3.5768035e-14
1430 3.5718532e-14
1431 3.5669134e-14
1432 3.5619829e-14
1433 3.5570642e-14
1434 3.5521521e-14
1435 3.5472588e-14
1436 3.5423815e-14
1437 3.5375105e-14
1438 3.5326463e-14
1439 3.5278027e-14
1440 3.5229729e-14
1441 3.5181397e-14
1442 3.5133224e-14
1443 3.5085185e-14
1444 3.5037264e-14
1445 3.4989548e-14
1446 3.4941917e-14
1447 3.4894313e-14
1448 3.4846819e-14
1449 3.47994e-14
1450 3.4752161e-14
1451 3.4705093e-14
1452 3.4658004e-14
1453 3.4611204e-14
1454 3.4564384e-14
1455 3.4517725e-14
1456 3.4471108e-14
1457 3.442473e-14
1458 3.43783e-14
1459 3.4332011e-14
1460 3.4285804e-14
1461 3.423981e-14
1462 3.4193897e-14
1463 3.4148112e-14
1464 3.410245e-14
1465 3.4056886e-14
1466 3.4011318e-14
1467 3.3965841e-14
1468 3.3920646e-14
1469 3.3875424e-14
1470 3.3830267e-14
1471 3.3785321e-14
1472 3.3740399e-14
1473 3.3695657e-14
1474 3.3651051e-14
1475 3.3606479e-14
1476 3.3561931e-14
1477 3.3517508e-14
1478 3.3473251e-14
1479 3.3429114e-14
1480 3.3385074e-14
1481 3.3341255e-14
1482 3.3297395e-14
1483 3.3253644e-14
1484 3.3209973e-14
1485 3.3166481e-14
1486 3.3123088e-14
1487 3.3079678e-14
1488 3.3036452e-14
1489 3.2993355e-14
1490 3.2950368e-14
1491 3.2907449e-14
1492 3.2864643e-14
1493 3.282186e-14
1494 3.2779209e-14
1495 3.2736664e-14
1496 3.2694225e-14
1497 3.2651845e-14
1498 3.2609503e-14
1499 3.2567373e-14
1500 3.2525256e-14
1501 3.2483323e-14
1502 3.2441522e-14
1503 3.2399734e-14
1504 3.2357992e-14
1505 3.2316373e-14
1506 3.2274785e-14
1507 3.2233309e-14
1508 3.2192e-14
1509 3.2150705e-14
1510 3.2109525e-14
1511 3.2068495e-14
1512 3.2027433e-14
1513 3.1986483e-14
1514 3.1945683e-14
1515 3.1904904e-14
1516 3.1864218e-14
1517 3.1823686e-14
1518 3.1783099e-14
1519 3.1742694e-14
1520 3.1702332e-14
1521 3.1662068e-14
1522 3.1621933e-14
1523 3.158178e-14
1524 3.1541761e-14
1525 3.1501768e-14
1526 3.146193e-14
1527 3.1422067e-14
1528 3.1382346e-14
1529 3.1342721e-14
1530 3.130319e-14
1531 3.1263733e-14
1532 3.1224382e-14
1533 3.1184937e-14
1534 3.114567e-14
1535 3.1106513e-14
1536 3.1067418e-14
1537 3.1028323e-14
1538 3.0989321e-14
1539 3.0950466e-14
1540 3.0911641e-14
1541 3.0872848e-14
1542 3.0834182e-14
1543 3.0795612e-14
1544 3.0757033e-14
1545 3.0718536e-14
1546 3.0680094e-14
1547 3.0641737e-14
1548 3.0603439e-14
1549 3.0565293e-14
1550 3.0527089e-14
1551 3.0489026e-14
1552 3.0450919e-14
1553 3.041298e-14
1554 3.0375011e-14
1555 3.0337141e-14
1556 3.0299377e-14
1557 3.0261667e-14
1558 3.0224022e-14
1559 3.0186454e-14
1560 3.0148895e-14
1561 3.0111516e-14
1562 3.0074094e-14
1563 3.0036732e-14
1564 2.9999457e-14
1565 2.9962223e-14
1566 2.9925079e-14
1567 2.9887984e-14
1568 2.9850933e-14
1569 2.9813956e-14
1570 2.9776941e-14
1571 2.9740093e-14
1572 2.9703328e-14
1573 2.9666485e-14
1574 2.9629796e-14
1575 2.9593142e-14
1576 2.9556542e-14
1577 2.9519988e-14
1578 2.9483466e-14
1579 2.9447025e-14
1580 2.9410617e-14
1581 2.937428e-14
1582 2.9338016e-14
1583 2.9301827e-14
1584 2.9265604e-14
1585 2.9229447e-14
1586 2.9193348e-14
1587 2.9157276e-14
1588 2.9121301e-14
1589 2.90854e-14
1590 2.9049558e-14
1591 2.9013707e-14
1592 2.8977935e-14
1593 2.8942113e-14
1594 2.8906345e-14
1595 2.8870655e-14
1596 2.883505e-14
1597 2.8799515e-14
1598 2.8763933e-14
1599 2.8728463e-14
1600 2.8693012e-14
1601 2.8657623e-14
1602 2.862222e-14
1603 2.8586929e-14
1604 2.855167e-14
1605 2.8516509e-14
1606 2.8481376e-14
1607 2.8446244e-14
1608 2.8411155e-14
1609 2.8376086e-14
1610 2.8341108e-14
1611 2.8306146e-14
1612 2.8271302e-14
1613 2.823648e-14
1614 2.8201654e-14
1615 2.8166855e-14
1616 2.8132123e-14
1617 2.8097419e-14
1618 2.806283e-14
1619 2.8028214e-14
1620 2.7993627e-14
1621 2.7959105e-14
1622 2.7924596e-14
1623 2.7890197e-14
1624 2.7855814e-14
1625 2.7821444e-14
1626 2.7787154e-14
1627 2.7752955e-14
1628 2.7718683e-14
1629 2.7684468e-14
1630 2.7650374e-14
1631 2.7616245e-14
1632 2.7582192e-14
1633 2.7548169e-14
1634 2.7514227e-14
1635 2.74803e-14
1636 2.744644e-14
1637 2.7412544e-14
1638 2.7378746e-14
1639 2.7345053e-14
1640 2.7311358e-14
1641 2.7277697e-14
1642 2.7244123e-14
1643 2.7210484e-14
1644 2.7176919e-14
1645 2.7143426e-14
1646 2.7109921e-14
1647 2.707644e-14
1648 2.7043058e-14
1649 2.7009742e-14
1650 2.6976473e-14
1651 2.6943244e-14
1652 2.6910006e-14
1653 2.6876854e-14
1654 2.6843737e-14
1655 2.6810581e-14
1656 2.6777541e-14
1657 2.6744519e-14
1658 2.671164e-14
1659 2.6678763e-14
1660 2.6645869e-14
1661 2.6613019e-14
1662 2.6580171e-14
1663 2.6547433e-14
1664 2.6514678e-14
1665 2.6482015e-14
1666 2.6449422e-14
1667 2.6416882e-14
1668 2.6384328e-14
1669 2.6351822e-14
1670 2.6319328e-14
1671 2.6286887e-14
1672 2.6254498e-14
1673 2.622218e-14
1674 2.618989e-14
1675 2.6157741e-14
1676 2.6125564e-14
1677 2.6093436e-14
1678 2.6061353e-14
1679 2.6029311e-14
1680 2.5997311e-14
1681 2.5965343e-14
1682 2.5933396e-14
1683 2.5901518e-14
1684 2.5869742e-14
1685 2.5837963e-14
1686 2.5806324e-14
1687 2.577469e-14
1688 2.5743075e-14
1689 2.5711531e-14
1690 2.5680001e-14
1691 2.5648528e-14
1692 2.5617073e-14
1693 2.5585736e-14
1694 2.5554399e-14
1695 2.5523132e-14
1696 2.5491949e-14
1697 2.5460772e-14
1698 2.5429656e-14
1699 2.539855e-14
1700 2.5367544e-14
1701 2.5336587e-14
1702 2.5305626e-14
1703 2.5274732e-14
1704 2.5243936e-14
1705 2.5213165e-14
1706 2.518239e-14
1707 2.5151738e-14
1708 2.5121121e-14
1709 2.5090566e-14
1710 2.5060087e-14
1711 2.5029598e-14
1712 2.4999241e-14
1713 2.4968939e-14
1714 2.4938659e-14
1715 2.4908393e-14
1716 2.4878239e-14
1717 2.4848095e-14
1718 2.4817997e-14
1719 2.478797e-14
1720 2.4757964e-14
1721 2.472805e-14
1722 2.4698204e-14
1723 2.4668387e-14
1724 2.4638607e-14
1725 2.4608902e-14
1726 2.4579191e-14
1727 2.4549632e-14
1728 2.4520134e-14
1729 2.4490658e-14
1730 2.4461197e-14
1731 2.4431872e-14
1732 2.440255e-14
1733 2.4373273e-14
1734 2.4344077e-14
1735 2.4314943e-14
1736 2.4285862e-14
1737 2.4256852e-14
1738 2.4227883e-14
1739 2.4198994e-14
1740 2.4170131e-14
1741 2.4141327e-14
1742 2.4112615e-14
1743 2.4083939e-14
1744 2.4055315e-14
1745 2.4026738e-14
1746 2.3998241e-14
1747 2.3969819e-14
1748 2.3941421e-14
1749 2.3913101e-14
1750 2.3884821e-14
1751 2.3856608e-14
1752 2.3828443e-14
1753 2.3800332e-14
1754 2.3772272e-14
1755 2.3744311e-14
1756 2.3716362e-14
1757 2.3688508e-14
1758 2.3660727e-14
1759 2.3632955e-14
1760 2.3605287e-14
1761 2.3577656e-14
1762 2.3550076e-14
1763 2.3522582e-14
1764 2.3495108e-14
1765 2.3467721e-14
1766 2.3440398e-14
1767 2.3413164e-14
1768 2.3385982e-14
1769 2.3358835e-14
1770 2.3331707e-14
1771 2.3304667e-14
1772 2.3277685e-14
1773 2.3250753e-14
1774 2.3223893e-14
1775 2.3197087e-14
1776 2.3170359e-14
1777 2.3143671e-14
1778 2.3117085e-14
1779 2.3090524e-14
1780 2.3064007e-14
1781 2.303755e-14
1782 2.3011125e-14
1783 2.2984799e-14
1784 2.2958555e-14
1785 2.2932372e-14
1786 2.2906197e-14
1787 2.2880099e-14
1788 2.2854072e-14
1789 2.2828086e-14
1790 2.2802157e-14
1791 2.2776293e-14
1792 2.2750492e-14
1793 2.2724725e-14
1794 2.2699109e-14
1795 2.2673484e-14
1796 2.2647928e-14
1797 2.2622425e-14
1798 2.2596974e-14
1799 2.2571573e-14
1800 2.2546251e-14
1801 2.2520971e-14
1802 2.2495774e-14
1803 2.247059e-14
1804 2.2445466e-14
1805 2.2420372e-14
1806 2.2395352e-14
1807 2.2370429e-14
1808 2.2345531e-14
1809 2.2320703e-14
1810 2.2295931e-14
1811 2.2271186e-14
1812 2.2246475e-14
1813 2.2221862e-14
1814 2.2197247e-14
1815 2.217268e-14
1816 2.2148214e-14
1817 2.2123795e-14
1818 2.2099458e-14
1819 2.2075114e-14
1820 2.205083e-14
1821 2.2026633e-14
1822 2.2002487e-14
1823 2.1978414e-14
1824 2.1954369e-14
1825 2.1930352e-14
1826 2.1906374e-14
1827 2.1882478e-14
1828 2.1858632e-14
1829 2.1834878e-14
1830 2.1811137e-14
1831 2.1787436e-14
1832 2.1763813e-14
1833 2.1740202e-14
1834 2.1716677e-14
1835 2.1693206e-14
1836 2.1669786e-14
1837 2.1646408e-14
1838 2.1623086e-14
1839 2.1599808e-14
1840 2.1576566e-14
1841 2.1553341e-14
1842 2.1530175e-14
1843 2.1507043e-14
1844 2.1483988e-14
1845 2.1460981e-14
1846 2.1438028e-14
1847 2.1415091e-14
1848 2.1392226e-14
1849 2.136941e-14
1850 2.1346621e-14
1851 2.1323919e-14
1852 2.1301259e-14
1853 2.1278647e-14
1854 2.1256046e-14
1855 2.1233497e-14
1856 2.1210985e-14
1857 2.118856e-14
1858 2.1166117e-14
1859 2.1143725e-14
1860 2.1121386e-14
1861 2.1099145e-14
1862 2.1076853e-14
1863 2.105464e-14
1864 2.1032502e-14
1865 2.1010389e-14
1866 2.098829e-14
1867 2.0966242e-14
1868 2.094422e-14
1869 2.0922246e-14
1870 2.090036e-14
1871 2.087846e-14
1872 2.0856583e-14
1873 2.0834797e-14
1874 2.0813038e-14
1875 2.0791321e-14
1876 2.0769633e-14
1877 2.0747985e-14
1878 2.0726375e-14
1879 2.0704809e-14
1880 2.0683285e-14
1881 2.0661772e-14
1882 2.0640307e-14
1883 2.0618885e-14
1884 2.0597492e-14
1885 2.0576143e-14
1886 2.0554816e-14
1887 2.0533519e-14
1888 2.051231e-14
1889 2.0491103e-14
1890 2.0469908e-14
1891 2.0448736e-14
1892 2.0427671e-14
1893 2.0406602e-14
1894 2.0385553e-14
1895 2.0364568e-14
1896 2.0343588e-14
1897 2.0322647e-14
1898 2.0301701e-14
1899 2.0280857e-14
1900 2.0260014e-14
1901 2.0239219e-14
1902 2.0218462e-14
1903 2.0197742e-14
1904 2.0177015e-14
1905 2.0156321e-14
1906 2.0135672e-14
1907 2.0115069e-14
1908 2.0094454e-14
1909 2.0073876e-14
1910 2.0053364e-14
1911 2.0032862e-14
1912 2.0012358e-14
1913 1.9991927e-14
1914 1.9971529e-14
1915 1.9951144e-14
1916 1.9930781e-14
1917 1.9910434e-14
1918 1.9890159e-14
1919 1.9869886e-14
1920 1.9849651e-14
1921 1.9829385e-14
1922 1.980919e-14
1923 1.9789043e-14
1924 1.9768907e-14
1925 1.9748805e-14
1926 1.9728746e-14
1927 1.9708661e-14
1928 1.9688615e-14
1929 1.9668588e-14
1930 1.9648609e-14
1931 1.9628672e-14
1932 1.9608748e-14
1933 1.958884e-14
1934 1.9568975e-14
1935 1.9549125e-14
1936 1.9529308e-14
1937 1.9509523e-14
1938 1.9489752e-14
1939 1.9470024e-14
1940 1.9450309e-14
1941 1.9430625e-14
1942 1.9410952e-14
1943 1.9391306e-14
1944 1.93717e-14
1945 1.9352119e-14
1946 1.933253e-14
1947 1.9312986e-14
1948 1.9293471e-14
1949 1.9273971e-14
1950 1.9254462e-14
1951 1.9234982e-14
1952 1.9215554e-14
1953 1.9196183e-14
1954 1.9176788e-14
1955 1.9157404e-14
1956 1.9138068e-14
1957 1.9118742e-14
1958 1.9099459e-14
1959 1.9080193e-14
1960 1.9060959e-14
1961 1.9041728e-14
1962 1.9022542e-14
1963 1.9003358e-14
1964 1.898422e-14
1965 1.8965067e-14
1966 1.8945962e-14
1967 1.892686e-14
1968 1.8907788e-14
1969 1.8888772e-14
1970 1.8869759e-14
1971 1.8850752e-14
1972 1.8831751e-14
1973 1.8812825e-14
1974 1.8793891e-14
1975 1.8775002e-14
1976 1.875612e-14
1977 1.8737255e-14
1978 1.8718404e-14
1979 1.8699585e-14
1980 1.8680791e-14
1981 1.8662004e-14
1982 1.8643259e-14
1983 1.8624536e-14
1984 1.8605778e-14
1985 1.8587079e-14
1986 1.856844e-14
1987 1.8549799e-14
1988 1.8531166e-14
1989 1.8512573e-14
1990 1.8494017e-14
1991 1.8475475e-14
1992 1.8456935e-14
1993 1.8438434e-14
1994 1.8419953e-14
1995 1.8401508e-14
1996 1.8383112e-14
1997 1.8364706e-14
1998 1.8346313e-14
1999 1.8327956e-14
2000 1.8309582e-14
2001 1.8291287e-14
2002 1.8273008e-14
2003 1.8254751e-14
2004 1.823649e-14
2005 1.8218266e-14
2006 1.8200056e-14
2007 1.8181894e-14
2008 1.8163743e-14
2009 1.8145634e-14
2010 1.8127522e-14
2011 1.8109447e-14
2012 1.8091388e-14
2013 1.807334e-14
2014 1.8055362e-14
2015 1.8037386e-14
2016 1.8019443e-14
2017 1.8001514e-14
2018 1.7983596e-14
2019 1.7965713e-14
2020 1.7947859e-14
2021 1.7930022e-14
2022 1.7912207e-14
2023 1.7894446e-14
2024 1.7876711e-14
2025 1.7858978e-14
2026 1.7841293e-14
2027 1.7823605e-14
2028 1.7805953e-14
2029 1.7788321e-14
2030 1.7770735e-14
2031 1.7753136e-14
2032 1.7735591e-14
2033 1.7718061e-14
2034 1.770056e-14
2035 1.7683087e-14
2036 1.7665655e-14
2037 1.7648234e-14
2038 1.7630833e-14
2039 1.761347e-14
2040 1.7596126e-14
2041 1.7578826e-14
2042 1.7561522e-14
2043 1.7544291e-14
2044 1.7527087e-14
2045 1.750988e-14
2046 1.7492696e-14
2047 1.7475549e-14
2048 1.7458427e-14
2049 1.7441335e-14
2050 1.7424274e-14
2051 1.7407225e-14
2052 1.7390238e-14
2053 1.7373266e-14
2054 1.7356316e-14
2055 1.7339399e-14
2056 1.7322502e-14
2057 1.7305622e-14
2058 1.728878e-14
2059 1.7271958e-14
2060 1.7255182e-14
2061 1.7238401e-14
2062 1.7221668e-14
2063 1.7204963e-14
2064 1.7188287e-14
2065 1.717165e-14
2066 1.7155018e-14
2067 1.7138457e-14
2068 1.7121901e-14
2069 1.7105406e-14
2070 1.7088913e-14
2071 1.7072432e-14
2072 1.7055983e-14
2073 1.7039571e-14
2074 1.7023195e-14
2075 1.7006841e-14
2076 1.6990532e-14
2077 1.6974249e-14
2078 1.6957981e-14
2079 1.6941765e-14
2080 1.6925548e-14
2081 1.6909349e-14
2082 1.6893194e-14
2083 1.6877067e-14
2084 1.6860954e-14
2085 1.6844901e-14
2086 1.6828872e-14
2087 1.6812892e-14
2088 1.6796909e-14
2089 1.6780986e-14
2090 1.6765102e-14
2091 1.6749253e-14
2092 1.673339e-14
2093 1.6717579e-14
2094 1.6701782e-14
2095 1.668602e-14
2096 1.6670286e-14
2097 1.6654584e-14
2098 1.6638899e-14
2099 1.6623256e-14
2100 1.6607647e-14
2101 1.6592083e-14
2102 1.6576523e-14
2103 1.6561005e-14
2104 1.6545529e-14
2105 1.6530062e-14
2106 1.6514625e-14
2107 1.6499233e-14
2108 1.6483881e-14
2109 1.6468555e-14
2110 1.6453248e-14
2111 1.6437955e-14
2112 1.6422711e-14
2113 1.6407496e-14
2114 1.6392315e-14
2115 1.6377173e-14
2116 1.6362051e-14
2117 1.634697e-14
2118 1.6331887e-14
2119 1.6316873e-14
2120 1.6301874e-14
2121 1.6286902e-14
2122 1.6271959e-14
2123 1.6257062e-14
2124 1.6242189e-14
2125 1.6227341e-14
2126 1.6212492e-14
2127 1.6197685e-14
2128 1.6182908e-14
2129 1.6168167e-14
2130 1.6153449e-14
2131 1.6138782e-14
2132 1.6124138e-14
2133 1.6109513e-14
2134 1.6094915e-14
2135 1.608034e-14
2136 1.6065774e-14
2137 1.6051292e-14
2138 1.6036818e-14
2139 1.6022366e-14
2140 1.6007953e-14
2141 1.5993559e-14
2142 1.5979172e-14
2143 1.5964834e-14
2144 1.5950526e-14
2145 1.5936238e-14
2146 1.5921988e-14
2147 1.5907769e-14
2148 1.5893566e-14
2149 1.5879399e-14
2150 1.5865265e-14
2151 1.585114e-14
2152 1.5837052e-14
2153 1.5822992e-14
2154 1.5808958e-14
2155 1.5794956e-14
2156 1.5780987e-14
2157 1.5767038e-14
2158 1.5753101e-14
2159 1.5739197e-14
2160 1.5725331e-14
2161 1.5711508e-14
2162 1.5697675e-14
2163 1.5683892e-14
2164 1.567014e-14
2165 1.5656411e-14
2166 1.5642688e-14
2167 1.5629012e-14
2168 1.5615342e-14
2169 1.5601686e-14
2170 1.5588079e-14
2171 1.5574478e-14
2172 1.5560918e-14
2173 1.5547382e-14
2174 1.5533876e-14
2175 1.5520385e-14
2176 1.5506924e-14
2177 1.5493504e-14
2178 1.5480078e-14
2179 1.5466658e-14
2180 1.5453309e-14
2181 1.5439947e-14
2182 1.5426628e-14
2183 1.5413337e-14
2184 1.5400075e-14
2185 1.5386816e-14
2186 1.5373595e-14
2187 1.5360398e-14
2188 1.534722e-14
2189 1.5334064e-14
2190 1.532093e-14
2191 1.5307826e-14
2192 1.5294725e-14
2193 1.528165e-14
2194 1.5268597e-14
2195 1.5255583e-14
2196 1.5242581e-14
2197 1.5229612e-14
2198 1.5216657e-14
2199 1.5203721e-14
2200 1.5190808e-14
2201 1.5177906e-14
2202 1.516504e-14
2203 1.5152196e-14
2204 1.5139366e-14
2205 1.5126558e-14
2206 1.5113768e-14
2207 1.5100992e-14
2208 1.5088232e-14
2209 1.5075504e-14
2210 1.5062786e-14
2211 1.5050089e-14
2212 1.5037427e-14
2213 1.5024777e-14
2214 1.5012142e-14
2215 1.4999527e-14
2216 1.4986935e-14
2217 1.4974339e-14
2218 1.4961776e-14
2219 1.4949246e-14
2220 1.4936704e-14
2221 1.4924185e-14
2222 1.4911696e-14
2223 1.4899232e-14
2224 1.4886782e-14
2225 1.4874347e-14
2226 1.4861917e-14
2227 1.4849518e-14
2228 1.4837137e-14
2229 1.4824757e-14
2230 1.4812392e-14
2231 1.4800065e-14
2232 1.4787737e-14
2233 1.4775435e-14
2234 1.4763147e-14
2235 1.4750869e-14
2236 1.4738596e-14
2237 1.4726358e-14
2238 1.4714121e-14
2239 1.4701921e-14
2240 1.4689715e-14
2241 1.4677529e-14
2242 1.4665362e-14
2243 1.4653215e-14
2244 1.4641069e-14
2245 1.4628938e-14
2246 1.4616806e-14
2247 1.4604699e-14
2248 1.4592609e-14
2249 1.458056e-14
2250 1.4568503e-14
2251 1.4556461e-14
2252 1.4544421e-14
2253 1.4532399e-14
2254 1.4520395e-14
2255 1.4508402e-14
2256 1.4496421e-14
2257 1.448446e-14
2258 1.447251e-14
2259 1.4460548e-14
2260 1.4448616e-14
2261 1.4436692e-14
2262 1.442478e-14
2263 1.4412885e-14
2264 1.4401009e-14
2265 1.4389135e-14
2266 1.4377283e-14
2267 1.4365432e-14
2268 1.4353599e-14
2269 1.434178e-14
2270 1.4329957e-14
2271 1.4318165e-14
2272 1.4306384e-14
2273 1.4294607e-14
2274 1.428285e-14
2275 1.4271088e-14
2276 1.4259345e-14
2277 1.4247631e-14
2278 1.423593e-14
2279 1.422423e-14
2280 1.4212539e-14
2281 1.4200849e-14
2282 1.4189164e-14
2283 1.4177498e-14
2284 1.4165848e-14
2285 1.4154215e-14
2286 1.4142589e-14
2287 1.4130988e-14
2288 1.4119387e-14
2289 1.4107794e-14
2290 1.4096204e-14
2291 1.4084625e-14
2292 1.4073066e-14
2293 1.4061514e-14
2294 1.4049969e-14
2295 1.4038446e-14
2296 1.4026927e-14
2297 1.4015413e-14
2298 1.4003911e-14
2299 1.3992416e-14
2300 1.3980947e-14
2301 1.3969478e-14
2302 1.3958021e-14
2303 1.3946573e-14
2304 1.3935137e-14
2305 1.3923718e-14
2306 1.3912311e-14
2307 1.3900919e-14
2308 1.3889515e-14
2309 1.3878136e-14
2310 1.3866777e-14
2311 1.3855431e-14
2312 1.3844076e-14
2313 1.3832742e-14
2314 1.3821426e-14
2315 1.3810107e-14
2316 1.3798815e-14
2317 1.378753e-14
2318 1.3776267e-14
2319 1.3765007e-14
2320 1.3753751e-14
2321 1.3742514e-14
2322 1.3731295e-14
2323 1.3720084e-14
2324 1.3708877e-14
2325 1.3697678e-14
2326 1.3686512e-14
2327 1.3675351e-14
2328 1.366419e-14
2329 1.3653051e-14
2330 1.3641912e-14
2331 1.3630778e-14
2332 1.3619673e-14
2333 1.3608584e-14
2334 1.3597502e-14
2335 1.3586437e-14
2336 1.3575384e-14
2337 1.3564339e-14
2338 1.3553303e-14
2339 1.3542291e-14
2340 1.3531299e-14
2341 1.3520313e-14
2342 1.3509316e-14
2343 1.3498357e-14
2344 1.3487413e-14
2345 1.3476481e-14
2346 1.3465564e-14
2347 1.3454665e-14
2348 1.3443791e-14
2349 1.3432904e-14
2350 1.3422043e-14
2351 1.3411193e-14
2352 1.3400353e-14
2353 1.3389544e-14
2354 1.3378737e-14
2355 1.3367958e-14
2356 1.3357183e-14
2357 1.3346416e-14
2358 1.333567e-14
2359 1.3324944e-14
2360 1.3314227e-14
2361 1.3303532e-14
2362 1.3292849e-14
2363 1.3282195e-14
2364 1.3271546e-14
2365 1.3260937e-14
2366 1.325033e-14
2367 1.3239741e-14
2368 1.3229166e-14
2369 1.3218612e-14
2370 1.3208065e-14
2371 1.3197525e-14
2372 1.318702e-14
2373 1.317654e-14
2374 1.3166079e-14
2375 1.3155628e-14
2376 1.31452e-14
2377 1.3134791e-14
2378 1.3124402e-14
2379 1.3114031e-14
2380 1.3103678e-14
2381 1.3093335e-14
2382 1.3083014e-14
2383 1.3072722e-14
2384 1.3062447e-14
2385 1.3052188e-14
2386 1.3041948e-14
2387 1.303174e-14
2388 1.3021547e-14
2389 1.3011366e-14
2390 1.30012e-14
2391 1.2991072e-14
2392 1.298096e-14
2393 1.2970882e-14
2394 1.296082e-14
2395 1.2950784e-14
2396 1.2940749e-14
2397 1.2930746e-14
2398 1.2920778e-14
2399 1.2910824e-14
2400 1.290089e-14
2401 1.2890975e-14
2402 1.2881086e-14
2403 1.2871224e-14
2404 1.2861381e-14
2405 1.2851557e-14
2406 1.284175e-14
2407 1.2831983e-14
2408 1.2822231e-14
2409 1.2812505e-14
2410 1.2802816e-14
2411 1.279314e-14
2412 1.2783493e-14
2413 1.2773855e-14
2414 1.2764248e-14
2415 1.2754654e-14
2416 1.2745104e-14
2417 1.2735578e-14
2418 1.2726087e-14
2419 1.2716614e-14
2420 1.270715e-14
2421 1.2697732e-14
2422 1.2688327e-14
2423 1.2678956e-14
2424 1.2669604e-14
2425 1.2660286e-14
2426 1.2650987e-14
2427 1.2641716e-14
2428 1.2632472e-14
2429 1.2623259e-14
2430 1.2614067e-14
2431 1.2604899e-14
2432 1.2595769e-14
2433 1.2586655e-14
2434 1.2577571e-14
2435 1.2568529e-14
2436 1.2559507e-14
2437 1.2550513e-14
2438 1.2541547e-14
2439 1.2532612e-14
2440 1.2523705e-14
2441 1.2514821e-14
2442 1.2505969e-14
2443 1.249713e-14
2444 1.2488328e-14
2445 1.2479549e-14
2446 1.2470807e-14
2447 1.2462088e-14
2448 1.2453408e-14
2449 1.2444748e-14
2450 1.2436113e-14
2451 1.2427518e-14
2452 1.2418942e-14
2453 1.2410389e-14
2454 1.2401878e-14
2455 1.239339e-14
2456 1.2384916e-14
2457 1.237649e-14
2458 1.2368097e-14
2459 1.2359728e-14
2460 1.2351389e-14
2461 1.2343081e-14
2462 1.23348e-14
2463 1.2326553e-14
2464 1.2318324e-14
2465 1.2310131e-14
2466 1.2301965e-14
2467 1.2293828e-14
2468 1.2285732e-14
2469 1.2277654e-14
2470 1.2269617e-14
2471 1.2261598e-14
2472 1.225362e-14
2473 1.2245667e-14
2474 1.2237742e-14
2475 1.2229843e-14
2476 1.2221974e-14
2477 1.2214154e-14
2478 1.220635e-14
2479 1.2198584e-14
2480 1.2190842e-14
2481 1.218313e-14
2482 1.2175451e-14
2483 1.2167808e-14
2484 1.2160185e-14
2485 1.2152582e-14
2486 1.2145021e-14
2487 1.2137493e-14
2488 1.2129992e-14
2489 1.2122514e-14
2490 1.2115069e-14
2491 1.2107653e-14
2492 1.2100257e-14
2493 1.2092892e-14
2494 1.2085568e-14
2495 1.2078289e-14
2496 1.2071008e-14
2497 1.2063764e-14
2498 1.2056551e-14
2499 1.2049363e-14
2500 1.2042209e-14
2501 1.2035075e-14
2502 1.2027974e-14
2503 1.202091e-14
2504 1.201386e-14
2505 1.2006844e-14
2506 1.1999858e-14
2507 1.1992896e-14
2508 1.1985962e-14
2509 1.1979068e-14
2510 1.1972203e-14
2511 1.1965367e-14
2512 1.1958546e-14
2513 1.1951759e-14
2514 1.1945002e-14
2515 1.1938266e-14
2516 1.1931564e-14
2517 1.1924881e-14
2518 1.1918228e-14
2519 1.1911597e-14
2520 1.1904997e-14
2521 1.1898416e-14
2522 1.1891863e-14
2523 1.1885336e-14
2524 1.1878831e-14
2525 1.1872352e-14
2526 1.1865895e-14
2527 1.1859475e-14
2528 1.1853081e-14
2529 1.184671e-14
2530 1.1840372e-14
2531 1.1834046e-14
2532 1.1827749e-14
2533 1.1821467e-14
2534 1.1815217e-14
2535 1.1808984e-14
2536 1.1802776e-14
2537 1.17966e-14
2538 1.1790442e-14
2539 1.178431e-14
2540 1.1778205e-14
2541 1.1772112e-14
2542 1.1766039e-14
2543 1.1759997e-14
2544 1.1753969e-14
2545 1.174796e-14
2546 1.1741976e-14
2547 1.1736024e-14
2548 1.1730075e-14
2549 1.1724147e-14
2550 1.1718249e-14
2551 1.1712371e-14
2552 1.1706509e-14
2553 1.1700662e-14
2554 1.1694849e-14
2555 1.1689032e-14
2556 1.1683251e-14
2557 1.1677487e-14
2558 1.1671732e-14
2559 1.1666008e-14
2560 1.1660292e-14
2561 1.16546e-14
2562 1.1648919e-14
2563 1.1643258e-14
2564 1.1637612e-14
2565 1.1631989e-14
2566 1.1626376e-14
2567 1.1620774e-14
2568 1.1615201e-14
2569 1.1609638e-14
2570 1.1604089e-14
2571 1.1598555e-14
2572 1.1593028e-14
2573 1.158753e-14
2574 1.158205e-14
2575 1.1576584e-14
2576 1.1571122e-14
2577 1.1565674e-14
2578 1.1560241e-14
2579 1.1554819e-14
2580 1.1549411e-14
2581 1.1544023e-14
2582 1.1538645e-14
2583 1.1533272e-14
2584 1.1527911e-14
2585 1.1522572e-14
2586 1.1517246e-14
2587 1.1511933e-14
2588 1.1506617e-14
2589 1.1501315e-14
2590 1.1496023e-14
2591 1.1490742e-14
2592 1.1485473e-14
2593 1.1480211e-14
2594 1.1474968e-14
2595 1.1469727e-14
2596 1.1464495e-14
2597 1.1459276e-14
2598 1.1454074e-14
2599 1.1448872e-14
2600 1.144367e-14
2601 1.1438487e-14
2602 1.1433316e-14
2603 1.142815e-14
2604 1.1422991e-14
2605 1.1417835e-14
2606 1.1412697e-14
2607 1.1407562e-14
2608 1.1402434e-14
2609 1.1397306e-14
2610 1.1392192e-14
2611 1.1387078e-14
2612 1.1381965e-14
2613 1.1376868e-14
2614 1.1371779e-14
2615 1.1366688e-14
2616 1.1361605e-14
2617 1.1356518e-14
2618 1.1351449e-14
2619 1.1346373e-14
2620 1.1341311e-14
2621 1.1336263e-14
2622 1.1331208e-14
2623 1.1326156e-14
2624 1.132111e-14
2625 1.1316076e-14
2626 1.1311045e-14
2627 1.1306006e-14
2628 1.130098e-14
2629 1.1295956e-14
2630 1.1290937e-14
2631 1.1285917e-14
2632 1.128091e-14
2633 1.1275894e-14
2634 1.1270879e-14
2635 1.1265864e-14
2636 1.126086e-14
2637 1.1255857e-14
2638 1.1250855e-14
2639 1.1245861e-14
2640 1.1240865e-14
2641 1.1235871e-14
2642 1.1230882e-14
2643 1.122589e-14
2644 1.1220902e-14
2645 1.1215922e-14
2646 1.1210952e-14
2647 1.120597e-14
2648 1.1200993e-14
2649 1.1196021e-14
2650 1.1191046e-14
2651 1.1186068e-14
2652 1.1181109e-14
2653 1.1176147e-14
2654 1.1171184e-14
2655 1.1166217e-14
2656 1.1161259e-14
2657 1.1156293e-14
2658 1.1151343e-14
2659 1.1146384e-14
2660 1.1141428e-14
2661 1.113647e-14
2662 1.1131512e-14
2663 1.1126565e-14
2664 1.1121613e-14
2665 1.1116676e-14
2666 1.1111726e-14
2667 1.1106783e-14
2668 1.1101849e-14
2669 1.1096909e-14
2670 1.1091978e-14
2671 1.1087046e-14
2672 1.1082116e-14
2673 1.1077184e-14
2674 1.1072258e-14
2675 1.1067335e-14
2676 1.1062414e-14
2677 1.1057498e-14
2678 1.1052583e-14
2679 1.1047673e-14
2680 1.104276e-14
2681 1.1037856e-14
2682 1.1032956e-14
2683 1.102806e-14
2684 1.1023159e-14
2685 1.1018261e-14
2686 1.1013371e-14
2687 1.1008488e-14
2688 1.1003604e-14
2689 1.0998722e-14
2690 1.099385e-14
2691 1.0988974e-14
2692 1.0984106e-14
2693 1.0979242e-14
2694 1.0974385e-14
2695 1.0969538e-14
2696 1.0964698e-14
2697 1.0959858e-14
2698 1.0955026e-14
2699 1.0950197e-14
2700 1.0945374e-14
2701 1.0940556e-14
2702 1.0935747e-14
2703 1.0930943e-14
2704 1.0926141e-14
2705 1.092135e-14
2706 1.0916572e-14
2707 1.0911791e-14
2708 1.0907019e-14
2709 1.0902252e-14
2710 1.0897491e-14
2711 1.0892738e-14
2712 1.0887998e-14
2713 1.0883258e-14
2714 1.0878526e-14
2715 1.0873805e-14
2716 1.0869092e-14
2717 1.0864392e-14
2718 1.0859687e-14
2719 1.0855003e-14
2720 1.0850333e-14
2721 1.084567e-14
2722 1.0841015e-14
2723 1.0836377e-14
2724 1.0831739e-14
2725 1.0827118e-14
2726 1.08225e-14
2727 1.0817901e-14
2728 1.0813313e-14
2729 1.0808735e-14
2730 1.0804168e-14
2731 1.0799612e-14
2732 1.0795075e-14
2733 1.0790537e-14
2734 1.0786018e-14
2735 1.0781511e-14
2736 1.0777022e-14
2737 1.0772539e-14
2738 1.0768072e-14
2739 1.0763614e-14
2740 1.0759179e-14
2741 1.0754759e-14
2742 1.075035e-14
2743 1.0745951e-14
2744 1.0741562e-14
2745 1.0737201e-14
2746 1.073284e-14
2747 1.0728502e-14
2748 1.0724174e-14
2749 1.0719866e-14
2750 1.0715562e-14
2751 1.0711287e-14
2752 1.0707033e-14
2753 1.0702785e-14
2754 1.0698556e-14
2755 1.0694341e-14
2756 1.0690153e-14
2757 1.0685968e-14
2758 1.068181e-14
2759 1.0677661e-14
2760 1.0673531e-14
2761 1.0669425e-14
2762 1.0665337e-14
2763 1.0661271e-14
2764 1.0657218e-14
2765 1.0653184e-14
2766 1.0649166e-14
2767 1.064517e-14
2768 1.0641196e-14
2769 1.0637239e-14
2770 1.0633296e-14
2771 1.0629375e-14
2772 1.0625473e-14
2773 1.0621593e-14
2774 1.0617725e-14
2775 1.0613889e-14
2776 1.0610064e-14
2777 1.0606261e-14
2778 1.0602477e-14
2779 1.0598718e-14
2780 1.0594978e-14
2781 1.0591254e-14
2782 1.0587546e-14
2783 1.0583868e-14
2784 1.0580208e-14
2785 1.057657e-14
2786 1.0572954e-14
2787 1.0569361e-14
2788 1.0565787e-14
2789 1.0562237e-14
2790 1.0558699e-14
2791 1.0555188e-14
2792 1.0551704e-14
2793 1.0548241e-14
2794 1.0544796e-14
2795 1.0541364e-14
2796 1.0537969e-14
2797 1.0534586e-14
2798 1.0531227e-14
2799 1.0527892e-14
2800 1.0524569e-14
2801 1.0521274e-14
2802 1.0517999e-14
2803 1.0514745e-14
2804 1.0511519e-14
2805 1.0508314e-14
2806 1.0505138e-14
2807 1.050197e-14
2808 1.0498826e-14
2809 1.0495705e-14
2810 1.0492607e-14
2811 1.0489529e-14
2812 1.0486471e-14
2813 1.0483433e-14
2814 1.0480421e-14
2815 1.0477437e-14
2816 1.047447e-14
2817 1.0471525e-14
2818 1.0468603e-14
2819 1.0465695e-14
2820 1.0462805e-14
2821 1.0459946e-14
2822 1.0457109e-14
2823 1.0454278e-14
2824 1.0451479e-14
2825 1.0448704e-14
2826 1.0445943e-14
2827 1.0443211e-14
2828 1.0440492e-14
2829 1.0437794e-14
2830 1.0435108e-14
2831 1.0432446e-14
2832 1.0429806e-14
2833 1.0427186e-14
2834 1.0424583e-14
2835 1.0421997e-14
2836 1.0419434e-14
2837 1.0416891e-14
2838 1.041437e-14
2839 1.0411866e-14
2840 1.0409378e-14
2841 1.040691e-14
2842 1.0404457e-14
2843 1.0402029e-14
2844 1.039961e-14
2845 1.0397215e-14
2846 1.0394835e-14
2847 1.0392473e-14
2848 1.039013e-14
2849 1.0387801e-14
2850 1.0385486e-14
2851 1.0383185e-14
2852 1.0380899e-14
2853 1.0378637e-14
2854 1.0376388e-14
2855 1.037415e-14
2856 1.0371928e-14
2857 1.036972e-14
2858 1.0367523e-14
2859 1.0365343e-14
2860 1.0363174e-14
2861 1.0361018e-14
2862 1.0358877e-14
2863 1.0356747e-14
2864 1.0354636e-14
2865 1.0352535e-14
2866 1.0350446e-14
2867 1.0348365e-14
2868 1.0346298e-14
2869 1.0344237e-14
2870 1.0342194e-14
2871 1.0340157e-14
2872 1.0338131e-14
2873 1.0336117e-14
2874 1.0334121e-14
2875 1.0332128e-14
2876 1.0330144e-14
2877 1.0328167e-14
2878 1.0326201e-14
2879 1.0324242e-14
2880 1.0322291e-14
2881 1.0320342e-14
2882 1.0318399e-14
2883 1.0316465e-14
2884 1.031454e-14
2885 1.031262e-14
2886 1.0310707e-14
2887 1.0308801e-14
2888 1.0306902e-14
2889 1.0305008e-14
2890 1.0303114e-14
2891 1.0301231e-14
2892 1.0299347e-14
2893 1.0297464e-14
2894 1.0295587e-14
2895 1.029371e-14
2896 1.0291845e-14
2897 1.0289969e-14
2898 1.0288102e-14
2899 1.0286238e-14
2900 1.0284375e-14
2901 1.028251e-14
2902 1.0280651e-14
2903 1.0278795e-14
2904 1.0276936e-14
2905 1.0275084e-14
2906 1.027323e-14
2907 1.0271369e-14
2908 1.0269508e-14
2909 1.0267648e-14
2910 1.0265791e-14
2911 1.0263929e-14
2912 1.0262065e-14
2913 1.0260204e-14
2914 1.0258341e-14
2915 1.0256471e-14
2916 1.0254599e-14
2917 1.0252722e-14
2918 1.0250839e-14
2919 1.0248954e-14
2920 1.0247069e-14
2921 1.0245181e-14
2922 1.0243291e-14
2923 1.02414e-14
2924 1.0239501e-14
2925 1.0237598e-14
2926 1.0235688e-14
2927 1.0233771e-14
2928 1.0231846e-14
2929 1.0229921e-14
2930 1.0227991e-14
2931 1.0226053e-14
2932 1.0224111e-14
2933 1.0222164e-14
2934 1.0220215e-14
2935 1.0218255e-14
2936 1.0216289e-14
2937 1.0214316e-14
2938 1.0212336e-14
2939 1.0210351e-14
2940 1.0208357e-14
2941 1.0206358e-14
2942 1.0204352e-14
2943 1.0202339e-14
2944 1.0200319e-14
2945 1.0198294e-14
2946 1.0196262e-14
2947 1.0194217e-14
2948 1.0192168e-14
2949 1.0190114e-14
2950 1.0188051e-14
2951 1.0185979e-14
2952 1.0183905e-14
2953 1.0181821e-14
2954 1.017973e-14
2955 1.0177631e-14
2956 1.0175529e-14
2957 1.0173422e-14
2958 1.0171303e-14
2959 1.0169179e-14
2960 1.0167043e-14
2961 1.0164904e-14
2962 1.0162757e-14
2963 1.0160601e-14
2964 1.0158441e-14
2965 1.0156269e-14
2966 1.0154101e-14
2967 1.0151923e-14
2968 1.0149738e-14
2969 1.0147554e-14
2970 1.0145359e-14
2971 1.0143161e-14
2972 1.0140953e-14
2973 1.0138738e-14
2974 1.0136521e-14
2975 1.0134296e-14
2976 1.0132074e-14
2977 1.0129841e-14
2978 1.0127607e-14
2979 1.0125366e-14
2980 1.0123124e-14
2981 1.0120879e-14
2982 1.0118631e-14
2983 1.011638e-14
2984 1.0114126e-14
2985 1.0111873e-14
2986 1.0109613e-14
2987 1.0107351e-14
2988 1.0105093e-14
2989 1.0102832e-14
2990 1.010057e-14
2991 1.0098307e-14
2992 1.0096045e-14
2993 1.009378e-14
2994 1.0091519e-14
2995 1.008926e-14
2996 1.0087002e-14
2997 1.0084751e-14
2998 1.00825e-14
2999 1.0080249e-14
3000 1.0078006e-14
